Swil20160710_LowerOxbow   (m, 360)

[1]: 2016/07/10     0.00  "DistoX2 2609 - Thomas Starnes \rPDA - Footleg"


     1.0                   0.000    0.00    0.00         
    12.27       16.0       0.000    0.00    0.00  [1]    "16.0=Black soot spot on wall next to top of calcite fin"
    16.0        16.1       1.468  198.03  -18.00  [1]    "16.1=Drill spot on wall from older survey by Les Williams"
    16.0        16.1       1.469  198.09  -17.97  [1]    
    16.0        16.1       1.470  198.05  -18.00  [1]    
    16.1                   2.596  325.61   -3.00  [1]    
    16.1                   0.805  331.08   33.99  [1]    
    16.1                   0.575  118.76  -85.72  [1]    
    16.1                   0.290  153.13   -0.25  [1]    
    16.1        16.2       1.770  265.63  -37.08  [1]    
    16.1        16.2       1.772  265.68  -36.96  [1]    
    16.1        16.2       1.763  265.85  -36.97  [1]    
    16.2                   0.846  170.55   -2.35  [1]    
    16.2                   0.386  359.85  -87.14  [1]    
    16.2                   0.706  328.07  -16.59  [1]    
    16.2        16.3       1.426  244.52  -19.21  [1]    
    16.2        16.3       1.449  244.48  -19.26  [1]    
    16.2        16.3       1.433  244.41  -19.08  [1]    
    16.3                   0.284  196.72   18.45  [1]    
    16.3                   0.253  238.52   84.47  [1]    
    16.3                   0.803    7.29   -5.21  [1]    
    16.3                   0.416  215.28  -83.81  [1]    
    16.3        16.4       2.106  297.46  -10.27  [1]    
    16.3        16.4       2.132  297.39  -10.22  [1]    
    16.3        16.4       2.125  297.44  -10.26  [1]    
    16.4        16.3       2.140  116.63   10.44  [1]    
    16.4        16.3       2.139  116.59   10.27  [1]    
    16.4        16.3       2.137  116.61   10.28  [1]    
    16.4                   0.971   11.93   -7.73  [1]    
    16.4                   0.370   58.74  -71.34  [1]    
    16.4                   0.102  213.79   64.19  [1]    
    16.4                   0.481  173.34  -21.49  [1]    
    16.4        16.5       2.026  310.91  -18.08  [1]    
    16.4        16.5       2.027  310.90  -18.12  [1]    
    16.4        16.5       2.028  310.84  -18.12  [1]    
    16.5                   0.739  192.97   -7.81  [1]    
    16.5                   0.302  144.39   86.01  [1]    
    16.5                   0.224   35.40   34.82  [1]    
    16.5                   0.299  223.91  -80.76  [1]    
    16.5        16.6       1.416  264.43  -22.97  [1]    
    16.5        16.6       1.416  264.48  -23.04  [1]    
    16.5        16.6       1.416  264.54  -23.05  [1]    
    16.6                   0.238   13.68   -6.62  [1]    
    16.6                   0.916  219.47  -78.42  [1]    
    16.6                   0.099  322.43   79.29  [1]    
    16.6        16.7       1.760  282.85  -17.48  [1]    
    16.6        16.7       1.769  282.86  -17.57  [1]    
    16.6        16.7       1.768  282.82  -17.58  [1]    
    16.7                   0.200   19.70   61.50  [1]    
    16.7                   0.163   25.60  -11.40  [1]    
    16.7                   0.871  162.50  -84.70  [1]    
    16.7        16.8       0.945  271.20  -22.73  [1]    
    16.7        16.8       0.948  270.87  -22.64  [1]    
    16.7        16.8       0.945  270.98  -22.71  [1]    
    16.8                   0.336   14.74   78.51  [1]    
    16.8                   0.614  318.83  -76.00  [1]    
    16.8                   0.479    9.97  -10.46  [1]    
    16.8        16.9       2.296  298.43    0.15  [1]    
    16.8        16.9       2.296  298.46    0.09  [1]    
    16.8        16.9       2.303  298.56    0.14  [1]    
    16.9                   0.486  209.54   -1.16  [1]    
    16.9                   0.178  267.75   86.55  [1]    
    16.9                   0.633   65.24  -13.41  [1]    
    16.9                   1.065   93.99  -85.50  [1]    
    16.9        16.10      2.391  328.29  -15.24  [1]    
    16.9        16.10      2.373  328.24  -15.32  [1]    
    16.9        16.10      2.375  328.16  -15.34  [1]    
    16.10                  0.463  225.81   -5.42  [1]    
    16.10                  0.185  282.23   82.72  [1]    
    16.10                  0.299   27.24   14.49  [1]    
    16.10                  1.224  234.63  -65.53  [1]    
    16.10       16.11      2.388  303.11  -11.57  [1]    "16.11=small stalagmite on shelf in top part of keyhole"
    16.10       16.11      2.388  303.17  -11.55  [1]    
    16.10       16.11      2.385  303.14  -11.57  [1]    
    16.11                  0.521  210.36    3.26  [1]    
    16.11                  0.244  199.43   72.26  [1]    
    16.11                  0.224   35.58   15.62  [1]    
    16.11                  1.472  179.12  -68.26  [1]    
    16.11       16.12      3.811  284.68  -18.22  [1]    
    16.11       16.12      3.809  284.82  -18.27  [1]    
    16.11       16.12      3.804  284.66  -18.26  [1]    
    16.12                  0.279  205.69   24.41  [1]    
    16.12                  0.558    9.40   77.10  [1]    
    16.12                  0.790   30.98   20.93  [1]    
    16.12                  0.713   26.05  -87.99  [1]    
    16.12       16.13      2.693  299.01   -8.29  [1]    
    16.12       16.13      2.694  298.98   -8.21  [1]    
    16.12       16.13      2.691  298.95   -8.23  [1]    
    16.13                  0.921  170.89   -6.33  [1]    
    16.13                  0.972  229.62  -82.97  [1]    
    16.13                  0.415   30.70  -17.84  [1]    
    16.13       16.14      1.564  295.15  -37.01  [1]    "16.14=tip of sharp upward pointing rock spike in middle of passage opposite start of the Lowbow."
    16.13       16.14      1.563  295.15  -37.01  [1]    
    16.13       16.14      1.561  295.01  -37.07  [1]    
    16.14                  2.119  183.14   10.96  [1]    
    16.14                  0.821  160.30   87.64  [1]    
    16.14                  1.385    9.85   22.37  [1]    
    16.14                  0.292   50.39  -77.37  [1]    
    16.14       16.15      5.303  319.45   -8.31  [1]    
    16.14       16.15      5.298  319.49   -8.27  [1]    
    16.14       16.15      5.304  319.49   -8.23  [1]    
    16.15                  1.735  224.17   -5.65  [1]    
    16.15                  0.493  248.66   82.58  [1]    
    16.15                  0.522   49.69   45.02  [1]    
    16.15                  0.573  226.12  -47.51  [1]    
    16.15                  3.629  166.92    7.98  [1]    
    16.15       16.16      4.383  316.33   -3.90  [1]    "16.16=tip of rock fin on floor nearest edge of climb down into Water Chamber "
    16.15       16.16      4.385  316.39   -3.83  [1]    
    16.15       16.16      4.384  316.40   -3.88  [1]    
    16.16                  0.372  242.86    2.21  [1]    
    16.16                  0.432   37.22   76.32  [1]    
    16.16                  1.624   62.98   14.57  [1]    
    16.16                  0.596   66.52  -74.59  [1]    
    16.16                  2.003  293.91  -14.41  [1]    
    16.16                  1.874   46.35   13.86  [1]    
    16.14                  0.000    0.00    0.00  [1]    
    16.14       16.17      1.658  202.23    0.65  [1]    "16.17=top of small stumpy stalagmite on muddy calcited rocks "
    16.14       16.17      1.658  202.29    0.56  [1]    
    16.14       16.17      1.658  202.41    0.71  [1]    
    16.17       16.14      1.647   22.84   -1.76  [1]    
    16.17       16.14      1.648   22.74   -1.78  [1]    
    16.17       16.14      1.646   22.71   -1.78  [1]    
    16.17                  0.997  125.69   17.70  [1]    
    16.17                  1.474  173.13   -6.70  [1]    
    16.17                  1.046  222.37  -14.06  [1]    
    16.17                  1.390  284.22   -1.51  [1]    
    16.17                  0.631  311.10   84.00  [1]    
    16.17                  0.496  296.58  -86.34  [1]    
    16.17       16.18      3.713  181.53   -5.72  [1]    
    16.17       16.18      3.715  181.43   -5.70  [1]    
    16.17       16.18      3.716  181.46   -5.69  [1]    
    16.18       16.17      3.694    1.52    5.52  [1]    
    16.18       16.17      3.694    1.49    5.60  [1]    
    16.18       16.17      3.694    1.40    5.60  [1]    
    16.18                  0.595   90.35   38.84  [1]    
    16.18                  0.290  213.03   46.96  [1]    
    16.18                  0.963   33.64    7.66  [1]    
    16.18                  0.574   31.41  -32.35  [1]    
    16.18       16.19      2.120  139.01   -1.08  [1]    "16.19=lump on floor directly beneath drill spot on ceiling "
    16.18       16.19      2.119  138.88   -1.07  [1]    
    16.18       16.19      2.119  138.97   -1.03  [1]    
    16.19       16.18      2.125  319.15    1.11  [1]    
    16.19       16.18      2.125  319.01    1.19  [1]    
    16.19       16.18      2.123  319.02    1.11  [1]    
    16.19                  1.001  298.65    7.77  [1]    
    16.19                  1.195  256.70    0.86  [1]    
    16.19                  2.085  233.89    0.37  [1]    
    16.19                  1.193  197.63   18.41  [1]    
    16.19                  0.536   93.02   80.78  [1]    
    16.19                  0.930  101.34   40.65  [1]    
    16.19                  1.100   52.83   26.17  [1]    
    16.19       16.20      0.537   95.29   80.49  [1]    "16.20=drill spot on ceiling at first junction into LowBow"
    16.19       16.20      0.537   95.15   80.44  [1]    
    16.19       16.20      0.537   95.44   80.43  [1]    
    16.20       16.19      0.527  273.89  -79.39  [1]    
    16.20       16.19      0.527  273.19  -79.64  [1]    
    16.20       16.19      0.527  272.29  -79.61  [1]    
