Swil20170311_Cistern Dig   (m, 360)

[1]: 2017/03/11     0.00  "Ferret on Footlegs DistoX2 2609\rFootleg sketching   "


    11.37       18.0       0.000    0.00    0.00  [1]    
    18.0                   0.587  262.31   16.71  [1]    
    18.0                   0.848  352.03   12.84  [1]    
    18.0                   0.813   21.03   22.63  [1]    
    18.0                   0.368  183.31  -86.56  [1]    
    18.0                   1.419  342.44   65.26  [1]    
    18.0        18.1       1.465  345.94   62.55  [1]    
    18.0        18.1       1.454  345.72   62.42  [1]    
    18.0        18.1       1.452  345.62   62.53  [1]    
    18.1        18.0       1.436  166.20  -60.96  [1]    
    18.1        18.0       1.436  165.95  -60.95  [1]    
    18.1        18.0       1.437  166.18  -60.92  [1]    
    18.1                   0.452   94.89    2.87  [1]    
    18.1                   1.124  301.22  -81.10  [1]    
    18.1                   0.488  117.28   70.21  [1]    
    18.1                   0.512  347.81   -4.56  [1]    
    18.1        18.2       1.857    1.37   62.67  [1]    
    18.1        18.2       1.855    1.40   62.58  [1]    
    18.1        18.2       1.856    1.42   62.74  [1]    
    18.2        18.1       1.849  181.69  -63.04  [1]    
    18.2        18.1       1.847  181.67  -62.98  [1]    
    18.2        18.1       1.849  181.58  -62.98  [1]    
    18.2                   0.430  227.52   -2.24  [1]    
    18.2                   2.707  245.74   73.25  [1]    
    18.2                   1.596  132.44  -82.72  [1]    
    18.2        18.3       3.446  164.37   41.09  [1]    
    18.2        18.3       3.411  164.47   41.03  [1]    
    18.2        18.3       3.409  164.74   41.10  [1]    
    18.3        18.2       3.400  345.05  -41.30  [1]    
    18.3        18.2       3.396  345.15  -41.37  [1]    
    18.3        18.2       3.394  345.15  -41.30  [1]    
    18.3                   0.360  245.43   -2.58  [1]    
    18.3                   0.932  114.55  -81.61  [1]    
    18.3                   1.765  299.27   80.97  [1]    
    18.3        18.4       1.693  159.10    4.45  [1]    "18.4=angle bracket bolt hanger on split"
    18.3        18.4       1.698  158.89    4.61  [1]    
    18.3        18.4       1.697  158.96    4.59  [1]    
    18.4                   0.534  257.29   -2.69  [1]    
    18.4                   0.423  239.23   83.98  [1]    
    18.4                   0.683  208.36  -86.04  [1]    
    18.5        18.4       1.238   26.65   -6.50  [1]    
    18.5        18.4       1.229   26.60   -6.54  [1]    
    18.5        18.4       1.231   26.58   -6.57  [1]    
    18.5                   0.406  101.85    0.16  [1]    
    18.5                   0.705  111.40  -76.95  [1]    
    18.5                   0.165   77.45   78.35  [1]    
    18.5                   0.231  274.32  -31.21  [1]    
    18.5                   0.317  180.24   17.48  [1]    
    18.5        18.6       3.981  163.38    2.03  [1]    
    18.5        18.6       3.983  163.19    2.18  [1]    
    18.5        18.6       3.979  163.28    2.14  [1]    
    18.6                   0.630   71.40   14.64  [1]    
    18.6                   0.474   39.15   45.13  [1]    
    18.6                   0.781   50.86  -71.66  [1]    
    18.6        18.7       0.820  132.40   -6.76  [1]    
    18.6        18.7       0.821  132.31   -6.49  [1]    
    18.6        18.7       0.821  132.24   -6.45  [1]    
    18.7                   0.460  254.38   18.52  [1]    
    18.7                   0.265  271.64  -19.80  [1]    
    18.7                   0.151  249.58    6.05  [1]    
    18.7                   0.681  305.26   70.85  [1]    
    18.7                   2.014  166.96    9.44  [1]    
    18.7        18.8       4.407  207.92  -76.29  [1]    
    18.7        18.8       4.436  207.27  -76.08  [1]    
    18.7        18.8       4.421  207.46  -76.16  [1]    
    18.3                   0.000    0.00    0.00  [1]    
    18.3        18.9       1.651  324.60    5.15  [1]  < 
    18.3        18.9       1.644  324.61    5.22  [1]  < 
    18.3        18.9       1.653  324.64    5.21  [1]  < 
    18.9                   0.586   70.91    2.71  [1]  < 
    18.9                   0.543   63.92   37.73  [1]  < 
    18.9                   2.082  122.27  -65.86  [1]  < 
    18.9        18.10      4.466  335.65   17.23  [1]  < 
    18.9        18.10      4.477  335.71   17.35  [1]  < 
    18.9        18.10      4.490  335.75   17.23  [1]  < 
    18.10                  0.300  242.62    5.82  [1]  < 
    18.10                  0.322   70.13    0.26  [1]  < 
    18.10                  1.229  332.75   73.64  [1]  < 
