Swil20130629_WaterRiftToDescentOfOld40   (m, 360)

[1]: 2013/06/29     0.00  "WSCC DistoX-Footleg\rPDA-Ben Kent"


     9.0         8.4       0.000    0.00    0.00         
     9.0                   1.221  222.85   -1.27  [1]    
     9.0                   1.456  156.87  -86.76  [1]    
     9.0                   1.038  248.22   75.18  [1]    
     9.0         9.1       2.768  327.98   17.94  [1]    "9.0=calcite testicle. Tie in stn for stream level survey"
     9.0         9.1       2.762  327.87   18.07  [1]    
     9.0         9.1       2.761  327.87   18.09  [1]    
     9.1                   2.778  146.77  -18.73  [1]    
     9.1                   0.748  233.19   -9.76  [1]    
     9.1                   3.764  236.60  -61.01  [1]    
     9.1                   5.955  283.50   83.29  [1]    
     9.1         9.2       5.345  306.85    5.34  [1]    
     9.1         9.2       5.347  306.86    5.36  [1]    
     9.1         9.2       5.348  307.01    5.36  [1]    
     9.2                   5.342  127.04   -5.34  [1]    
     9.2                   0.928   37.11   -9.90  [1]    
     9.2                   0.204  232.85    8.71  [1]    
     9.2                   0.766   47.20  -45.75  [1]    
     9.2                   5.185  303.14  -81.62  [1]    
     9.2                   2.150   89.72   81.91  [1]    
     9.2         9.3       3.556  321.11   38.22  [1]    
     9.2         9.3       3.555  321.63   38.17  [1]    
     9.2         9.3       3.551  321.48   38.11  [1]    
     9.3                   3.529  140.66  -38.25  [1]    
     9.3                   0.253  241.41    3.91  [1]    
     9.3                   0.787   64.43    3.52  [1]    
     9.3                   2.348  116.75   81.52  [1]    
     9.3                   0.760   47.06  -63.29  [1]    
     9.3                   3.352  110.73  -74.59  [1]    
     9.3                   7.464  126.02  -72.97  [1]    
     9.3         9.4       1.122    7.77    3.52  [1]    
     9.3         9.4       1.120    7.71    3.78  [1]    
     9.3         9.4       1.124    7.66    3.58  [1]    
     9.4                   1.099  186.02   -4.47  [1]    
     9.4                   0.669  231.66   -2.98  [1]    
     9.4                   2.210  239.56   80.82  [1]    
     9.4                   0.659  261.89  -73.67  [1]    
     9.4         9.5       1.055  263.52   33.56  [1]    
     9.4         9.5       1.058  263.41   33.37  [1]    
     9.4         9.5       1.059  263.26   33.36  [1]    
     9.5                   1.050   82.92  -33.40  [1]    
     9.5                   0.568   40.65   -2.91  [1]    
     9.5                   1.155   37.56  -82.40  [1]    
     9.5                   1.634   42.68   77.79  [1]    
     9.5         9.6       2.528  351.92    5.08  [1]    
     9.5         9.6       2.526  351.97    5.04  [1]    
     9.5         9.6       2.527  351.94    5.20  [1]    
     9.6                   2.522  171.57   -5.45  [1]    
     9.6                   0.491  251.10   -0.42  [1]    
     9.6                   1.235  242.62  -65.46  [1]    
     9.6                   1.459  223.45   74.25  [1]    
     9.6         9.7       2.966  317.35   -3.25  [1]    
     9.6         9.7       2.958  317.38   -3.39  [1]    
     9.6         9.7       2.961  317.21   -3.30  [1]    
     9.7                   2.938  137.40    3.36  [1]    
     9.7                   0.494   69.22    2.25  [1]    
     9.7                   1.670  337.77   83.13  [1]    
     9.7                   1.644   62.33  -86.14  [1]    
     9.7         9.8       5.245  326.27  -29.24  [1]    
     9.7         9.8       5.246  326.30  -29.15  [1]    
     9.7         9.8       5.248  326.27  -29.17  [1]    
     9.8                   5.237  144.41   28.59  [1]    
     9.8                   0.860  189.62   -3.22  [1]    
     9.8                   0.376   17.72  -13.79  [1]    
     9.8                   1.172  125.13  -68.29  [1]    
     9.8                   1.740  198.87   87.16  [1]    
     9.8                   1.478  138.91   36.33  [1]    
     9.8                   1.351  154.31   37.64  [1]    
     9.8                   1.308  145.24    3.36  [1]    
     9.8                   1.685  357.07  -42.58  [1]    
     9.8                   0.966  289.48  -24.64  [1]    
     9.8         9.9       1.448  273.08  -22.22  [1]    
     9.8         9.9       1.447  273.14  -22.33  [1]    
     9.8         9.9       1.449  273.24  -22.22  [1]    
     9.9                   1.427   93.33   24.76  [1]    
     9.9                   0.338   20.18   -0.69  [1]    
     9.9                   1.386  262.30   -4.33  [1]    
     9.9                   0.766  190.18   -1.47  [1]    
     9.9                   4.312  268.96   75.35  [1]    "splay to old stemple belay"
     9.9                   0.521   82.52  -53.29  [1]    
     9.9                   2.714  169.49  -81.00  [1]    
     9.9         9.10      7.646  252.20  -71.46  [1]    
     9.9         9.10      7.650  252.49  -71.66  [1]    
     9.9         9.10      7.644  252.19  -71.67  [1]    
     9.10                  7.663   71.90   71.88  [1]    
     9.10                  2.793  105.38    2.13  [1]    
     9.10                  1.940  102.39  -80.10  [1]    
     9.10                  2.304   52.40   -8.53  [1]    
     9.10        9.11      2.321  146.42   -8.37  [1]    "9.11=RH point of broken tipped stalactite at head height in middle of stream (looking downstream)"
     9.10        9.11      2.322  146.27   -8.43  [1]    
     9.10        9.11      2.320  146.48   -8.33  [1]    
     9.11                  2.331  327.27    7.87  [1]    
     9.11                  2.321  327.44    7.88  [1]    
     9.11                  1.576  246.33   79.18  [1]    
     9.11                  1.734  335.02  -87.87  [1]    
     9.11                  0.615  102.51   -8.28  [1]    
     9.11                  0.985  265.19    1.62  [1]    
