TRIP
DATE 2013-06-29 
DECLINATION     0.00
DATA
9.0		222.84	-1.27	1.221	>
9.0		156.89	-86.79	1.456	>
9.0		248.28	75.21	1.037	>
9.0	9.1	327.91	18.02	2.763	>
9.1		146.77	-18.73	2.778	>
9.1		233.16	-9.77	0.748	>
9.1		236.61	-61.01	3.764	>
9.1		283.46	83.29	5.955	>
9.1	9.2	306.91	5.34	5.346	>
9.2		127.04	-5.35	5.342	>
9.2		37.08	-9.93	0.928	>
9.2		232.85	8.72	0.204	>
9.2		47.20	-45.78	0.766	>
9.2		303.16	-81.63	5.185	>
9.2		89.81	81.90	2.150	>
9.2	9.3	321.41	38.16	3.554	>
9.3		140.67	-38.26	3.528	>
9.3		241.30	3.86	0.253	>
9.3		64.45	3.50	0.787	>
9.3		116.79	81.52	2.348	>
9.3		47.02	-63.28	0.760	>
9.3		110.71	-74.59	3.352	>
9.3		126.02	-72.96	7.465	>
9.3	9.4	7.70	3.63	1.122	>
9.4		186.02	-4.49	1.099	>
9.4		231.69	-3.00	0.669	>
9.4		239.51	80.82	2.210	>
9.4		261.91	-73.70	0.658	>
9.4	9.5	263.42	33.43	1.057	>
9.5		82.92	-33.40	1.050	>
9.5		40.63	-2.93	0.567	>
9.5		37.55	-82.41	1.155	>
9.5		42.77	77.77	1.634	>
9.5	9.6	351.96	5.11	2.527	>
9.6		171.57	-5.46	2.523	>
9.6		251.12	-0.47	0.491	>
9.6		242.64	-65.43	1.235	>
9.6		223.36	74.24	1.459	>
9.6	9.7	317.32	-3.31	2.961	>
9.7		137.40	3.36	2.938	>
9.7		69.25	2.20	0.494	>
9.7		337.67	83.12	1.670	>
9.7		62.05	-86.13	1.644	>
9.7	9.8	326.27	-29.18	5.246	>
9.8		144.41	28.59	5.237	>
9.8		189.65	-3.20	0.860	>
9.8		17.69	-13.84	0.376	>
9.8		125.15	-68.26	1.172	>
9.8		199.07	87.18	1.740	>
9.8		138.91	36.33	1.479	>
9.8		154.30	37.64	1.351	>
9.8		145.23	3.37	1.309	>
9.8		357.09	-42.58	1.685	>
9.8		289.49	-24.65	0.966	>
9.8	9.9	273.13	-22.26	1.447	>
9.9		93.32	24.77	1.427	>
9.9		20.26	-0.68	0.338	>
9.9		262.31	-4.34	1.386	>
9.9		190.15	-1.50	0.766	>
9.9		268.95	75.34	4.312	>
9.9		82.60	-53.39	0.521	>
9.9		169.43	-80.99	2.715	>
9.9	9.10	252.30	-71.59	7.646	>
9.10		71.89	71.87	7.663	>
9.10		105.38	2.13	2.793	>
9.10		102.45	-80.09	1.940	>
9.10		52.40	-8.53	2.305	>
9.10	9.11	146.39	-8.37	2.321	>
9.11		327.25	7.87	2.331	>
9.11		327.45	7.87	2.321	>
9.11		246.29	79.18	1.576	>
9.11		335.04	-87.89	1.734	>
9.11		102.51	-8.31	0.616	>
9.11		265.17	1.63	0.986	>

PLAN
STATIONS
-82.321	22.925	9.0
-83.717	25.151	9.1
-87.973	28.348	9.2
-89.716	30.532	9.3
-89.566	31.642	9.4
-90.442	31.541	9.5
-90.794	34.033	9.6
-92.798	36.206	9.7
-95.341	40.015	9.8
-96.678	40.088	9.9
-98.978	39.354	9.10
-97.707	37.442	9.11
-92.911	44.796	9.8
-90.813	39.016	9.7
-89.116	33.887	9.6
-87.980	36.001	9.4
-85.331	35.195	9.3
-81.161	35.262	9.2
-76.366	32.770	9.1
SHOTS
-98.978	39.354	-97.707	37.442
-97.707	37.442	-98.689	37.359
-97.707	37.442	-97.112	37.310
-97.707	37.442	-97.734	37.500
-97.707	37.442	-97.978	37.323
-97.707	37.442	-98.944	39.380
-97.707	37.442	-98.956	39.384
-96.678	40.088	-98.978	39.354
-98.978	39.354	-97.172	40.745
-98.978	39.354	-98.652	39.282
-98.978	39.354	-96.287	38.614
-98.978	39.354	-96.712	40.095
-95.341	40.015	-96.678	40.088
-96.678	40.088	-96.600	39.670
-96.678	40.088	-96.370	40.128
-96.678	40.088	-97.769	40.068
-96.678	40.088	-96.813	39.334
-96.678	40.088	-98.048	39.903
-96.678	40.088	-96.561	40.405
-96.678	40.088	-95.384	40.013
-92.798	36.206	-95.341	40.015
-95.341	40.015	-96.169	40.308
-95.341	40.015	-95.404	41.254
-95.341	40.015	-94.596	38.942
-95.341	40.015	-94.877	39.051
-95.341	40.015	-94.558	39.117
-95.341	40.015	-95.369	39.934
-95.341	40.015	-94.986	39.765
-95.341	40.015	-95.230	40.363
-95.341	40.015	-95.485	39.168
-95.341	40.015	-92.665	36.276
-90.794	34.033	-92.798	36.206
-92.798	36.206	-92.700	36.258
-92.798	36.206	-92.874	36.391
-92.798	36.206	-92.336	36.381
-92.798	36.206	-90.813	34.047
-90.442	31.541	-90.794	34.033
-90.794	34.033	-91.066	33.745
-90.794	34.033	-91.250	33.797
-90.794	34.033	-91.259	33.874
-90.794	34.033	-90.426	31.549
-89.566	31.642	-90.442	31.541
-90.442	31.541	-90.207	31.795
-90.442	31.541	-90.349	31.662
-90.442	31.541	-90.073	31.971
-90.442	31.541	-89.572	31.649
-89.716	30.532	-89.566	31.642
-89.566	31.642	-89.749	31.616
-89.566	31.642	-89.870	31.463
-89.566	31.642	-90.090	31.228
-89.566	31.642	-89.681	30.552
-87.973	28.348	-89.716	30.532
-89.716	30.532	-87.947	29.246
-89.716	30.532	-88.883	30.217
-89.716	30.532	-89.466	30.765
-89.716	30.532	-89.407	30.376
-89.716	30.532	-89.007	30.871
-89.716	30.532	-89.937	30.411
-89.716	30.532	-87.960	28.389
-83.717	25.151	-87.973	28.348
-87.973	28.348	-87.670	28.349
-87.973	28.348	-88.605	28.761
-87.973	28.348	-87.581	28.711
-87.973	28.348	-88.134	28.226
-87.973	28.348	-87.422	29.077
-87.973	28.348	-83.727	25.144
-82.321	22.925	-83.717	25.151
-83.717	25.151	-84.394	25.313
-83.717	25.151	-85.240	24.147
-83.717	25.151	-84.307	24.709
-83.717	25.151	-82.275	22.950
-82.321	22.925	-82.321	22.925
-82.321	22.925	-82.567	22.827
-82.321	22.925	-82.289	22.850
-82.321	22.925	-83.151	22.030
-92.911	44.796	-93.066	44.393	
-92.911	44.796	-91.866	43.656	
-92.911	44.796	-93.475	44.873	
-92.911	44.796	-93.519	45.621	
-92.911	44.796	-93.303	45.672	
-92.911	44.796	-92.995	46.534	
-92.911	44.796	-92.952	43.707	
-92.911	44.796	-92.554	44.706	
-92.911	44.796	-93.718	44.748	
-92.911	44.796	-94.835	47.302	
-90.813	39.016	-90.706	37.376	
-90.813	39.016	-90.743	40.674	
-90.813	39.016	-90.355	39.035	
-90.813	39.016	-90.816	39.188	
-89.116	33.887	-89.426	35.291	
-89.116	33.887	-89.600	32.764	
-89.116	33.887	-89.598	33.883	
-89.116	33.887	-89.101	33.647	
-87.980	36.001	-88.158	35.369	
-87.980	36.001	-88.257	38.183	
-87.980	36.001	-88.443	35.966	
-87.980	36.001	-87.946	35.915	
-85.331	35.195	-84.761	28.058	
-85.331	35.195	-84.880	31.963	
-85.331	35.195	-84.990	34.516	
-85.331	35.195	-85.188	37.517	
-85.331	35.195	-84.566	35.243	
-85.331	35.195	-85.579	35.212	
-85.331	35.195	-85.309	33.010	
-81.161	35.262	-80.978	37.391	
-81.161	35.262	-81.210	30.132	
-81.161	35.262	-80.636	34.713	
-81.161	35.262	-81.355	35.293	
-81.161	35.262	-80.247	35.102	
-81.161	35.262	-81.178	34.764	
-76.366	32.770	-76.854	38.684	
-76.366	32.770	-78.189	29.478	
-76.366	32.770	-77.100	32.643	
-76.366	32.770	-76.311	31.878	
POLYLINE BROWN
-96.083	38.592
-96.173	38.562
-96.233	38.592
-96.293	38.592
-96.368	38.607
-96.398	38.607
-96.428	38.592
-96.488	38.607
-96.518	38.607
-96.653	38.532
-96.683	38.532
-96.713	38.502
-96.743	38.502
-96.833	38.427
-96.953	38.322
-97.088	38.052
-97.088	38.022
-97.103	37.962
-97.103	37.632
-97.088	37.572
-97.088	37.512
-97.073	37.467
-97.073	37.407
-97.028	37.212
-97.013	37.182
POLYLINE BROWN
-97.958	40.842
-97.973	40.812
-98.003	40.812
-98.123	40.707
-98.273	40.587
-98.333	40.542
-98.408	40.422
-98.543	40.272
-98.603	40.227
-98.783	40.002
-98.843	39.957
-98.918	39.852
-98.918	39.822
-98.993	39.702
-98.993	39.642
-99.038	39.477
-99.038	39.402
-99.053	39.372
POLYLINE BROWN
-98.993	39.492
-98.993	39.462
-98.978	39.402
-98.993	39.342
-99.008	39.147
-99.008	39.072
-98.993	38.982
-98.993	38.847
-98.978	38.727
-98.978	38.622
-98.963	38.562
-98.963	38.487
-98.948	38.457
-98.948	38.352
-98.933	38.292
-98.933	38.217
-98.903	38.127
-98.903	38.082
-98.873	37.992
-98.873	37.947
-98.843	37.887
-98.843	37.842
-98.783	37.677
-98.783	37.647
-98.753	37.587
-98.753	37.557
-98.648	37.272
-98.633	37.242
POLYLINE BLACK
-95.168	42.657
-95.138	42.642
POLYLINE BROWN
-97.621	38.141
-97.591	38.111
POLYLINE BLUE
-96.046	38.966
-96.076	38.996
-96.076	38.891
-96.061	38.861
-95.971	38.801
-95.956	38.741
-95.956	38.606
-95.941	38.576
-95.806	38.546
-95.671	38.546
POLYLINE BLUE
-96.256	38.756
-96.271	38.726
-96.241	38.891
-96.136	39.011
-96.106	39.026
-96.091	39.056
-96.061	39.041
-96.001	39.056
-95.971	39.056
-95.941	39.071
POLYLINE BLUE
-95.821	38.561
-95.941	38.786
-95.941	38.906
-96.001	38.936
-96.061	38.936
-96.091	38.951
-96.121	38.936
POLYLINE BROWN
-95.401	38.546
-95.626	38.801
-95.656	38.816
-95.761	38.966
-95.761	38.996
-95.791	39.056
-95.791	39.116
-95.806	39.176
-95.806	39.236
-95.821	39.311
-95.821	39.341
-95.881	39.536
-95.926	39.656
-96.106	40.031
-96.286	40.256
-96.526	40.481
-96.646	40.556
-96.841	40.706
-96.901	40.736
-96.931	40.736
-96.976	40.766
-97.066	40.781
-97.261	40.856
-97.336	40.856
-97.426	40.886
-97.501	40.886
-97.636	40.871
-97.741	40.871
-97.771	40.856
-97.846	40.856
-97.906	40.811
-97.981	40.796
-98.116	40.706
-98.161	40.691
POLYLINE BROWN
-95.791	38.261
-95.776	38.231
-95.746	38.216
-95.791	38.321
-96.031	38.621
-96.091	38.681
POLYLINE BROWN
-97.876	40.361
-97.876	40.331
-97.621	40.406
-97.546	40.406
-97.486	40.421
-97.381	40.421
-97.321	40.436
-97.231	40.436
-97.171	40.451
-97.081	40.451
-97.006	40.436
-96.976	40.436
-96.916	40.421
-96.886	40.421
POLYLINE BROWN
-97.471	40.616
-97.426	40.511
-97.426	40.481
POLYLINE BROWN
-98.446	40.106
-98.401	40.121
-98.236	40.226
-98.206	40.226
-98.176	40.241
-98.101	40.241
-97.906	40.331
-97.876	40.361
-97.816	40.361
-97.756	40.406
-97.726	40.391
-97.696	40.406
POLYLINE BROWN
-98.596	40.016
-98.596	40.046
-98.506	40.121
-98.386	40.211
-98.296	40.256
-98.221	40.256
-98.191	40.241
-98.161	40.256
POLYLINE BROWN
-99.046	39.416
-99.016	39.551
-99.016	39.581
-98.986	39.641
-98.986	39.686
-98.911	39.806
-98.851	39.851
-98.836	39.881
-98.731	39.956
-98.716	39.986
-98.551	40.076
-98.491	40.121
-98.476	40.151
-98.416	40.151
-98.401	40.181
-98.341	40.226
-98.311	40.211
-98.281	40.241
-98.221	40.241
-98.161	40.256
-98.131	40.256
-97.951	40.316
-97.921	40.301
POLYLINE BROWN
-99.061	39.596
-99.061	39.566
-99.046	39.536
-99.061	39.476
-99.061	39.251
-99.046	39.221
-99.046	39.146
-99.031	39.086
-99.031	39.086
-99.031	39.146
-98.971	39.431
-98.851	39.716
-98.836	39.746
POLYLINE BROWN
-99.061	39.341
-99.061	39.296
-99.046	39.341
-98.986	39.431
-98.986	39.461
-98.926	39.551
-98.926	39.581
-98.881	39.641
-98.881	39.671
POLYLINE BROWN
-96.331	38.591
-96.301	38.591
-96.271	38.621
-96.241	38.621
-96.211	38.591
-96.181	38.591
-96.091	38.546
POLYLINE BROWN
-98.986	39.311
-98.971	39.281
-99.001	39.311
-99.001	39.371
-99.016	39.401
-99.016	39.536
-98.986	39.656
POLYLINE BLACK
-92.921	45.056
-92.921	44.986
-92.911	44.876
-92.911	44.836
-92.941	44.976
-92.941	44.986
-92.911	44.846
POLYLINE BLACK
-93.021	45.106
-92.901	44.986
-92.851	45.036
-92.811	45.116
POLYLINE BLACK
-92.991	46.606
-92.931	46.586
-92.801	46.496
-92.751	46.406
-92.741	46.366
-92.731	46.346
POLYLINE BLACK
-91.891	43.676
-91.881	43.646
-91.861	43.666
-91.851	43.706
-91.821	43.776
-91.851	43.866
-91.861	43.906
-91.911	44.016
-91.921	44.056
-92.021	44.206
-92.071	44.256
-92.121	44.326
-92.301	44.486
-92.331	44.496
-92.421	44.586
-92.511	44.676
-92.531	44.676
-92.531	44.696
-92.591	44.736
-92.621	44.786
-92.721	44.866
-92.871	45.016
-92.921	45.096
-92.921	45.356
-92.901	45.436
-92.851	45.646
-92.841	45.686
-92.831	45.766
-92.831	45.796
-92.811	45.856
-92.811	45.926
-92.801	45.966
-92.801	45.996
-92.791	46.036
-92.791	46.076
-92.761	46.226
-92.761	46.406
-92.771	46.446
-92.781	46.486
-92.831	46.566
-92.871	46.626
-92.891	46.626
POLYLINE BLACK
-93.371	46.526
-93.321	46.476
-93.281	46.466
-93.261	46.466
-93.321	46.566
-93.321	46.566
-93.271	46.486
-93.231	46.476
-93.301	46.406
-93.341	46.376
-93.361	46.376
-93.521	46.246
-93.571	46.176
-93.581	46.136
-93.611	46.096
-93.621	46.056
-93.681	45.926
-93.691	45.886
-93.701	45.846
-93.701	45.776
-93.711	45.736
-93.711	45.296
-93.701	45.256
-93.701	45.156
-93.691	45.116
-93.691	45.006
-93.701	44.966
-93.701	44.926
-93.711	44.886
-93.711	44.846
-93.721	44.796
-93.721	44.696
-93.711	44.656
-93.711	44.616
-93.701	44.546
-93.691	44.456
-93.681	44.376
-93.681	44.286
-93.671	44.246
-93.671	44.076
-93.681	44.036
-93.671	43.986
-93.641	43.946
-93.601	43.936
-93.561	43.926
-93.501	43.916
-93.461	43.926
-93.361	43.946
-93.321	43.936
-93.211	43.936
-93.091	43.886
-93.071	43.886
-93.031	43.816
-92.971	43.756
-92.941	43.716
-92.941	43.696
-92.881	43.646
-92.861	43.646
-92.801	43.606
-92.651	43.576
-92.611	43.566
-92.571	43.576
-92.531	43.566
-92.511	43.576
-92.491	43.566
-92.451	43.576
-92.391	43.576
-92.351	43.586
-92.201	43.586
-92.161	43.596
-92.101	43.596
-92.011	43.616
-91.931	43.626
-91.891	43.626
-91.831	43.656
-91.811	43.656
-91.781	43.696
-91.781	43.716
POLYLINE BLACK
-93.261	46.496
-93.231	46.466
-93.191	46.476
-93.141	46.466
-93.051	46.496
-93.031	46.516
-92.991	46.526
-92.971	46.546
-92.931	46.546
-92.891	46.556
POLYLINE CONNECT
-92.911	44.796
-95.341	40.015
POLYLINE BLACK
-94.756	39.756
-94.786	39.741
-94.801	39.711
-94.801	39.666
-94.741	39.636
-94.696	39.696
-94.726	39.756
POLYLINE BLACK
-95.251	39.366
-95.251	39.336
-95.281	39.306
-95.221	39.246
-95.191	39.246
-95.161	39.261
-95.191	39.321
-95.221	39.336
POLYLINE BLACK
-95.356	39.531
-95.356	39.501
-95.401	39.441
-95.401	39.411
-95.341	39.411
-95.281	39.501
-95.281	39.531
-95.341	39.576
-95.371	39.576
POLYLINE BLACK
-95.341	39.381
-95.296	39.411
-95.296	39.441
-95.311	39.471
POLYLINE BLACK
-95.356	39.516
-95.401	39.456
-95.416	39.411
POLYLINE BLACK
-95.551	39.726
-95.611	39.666
-95.611	39.621
-95.551	39.606
-95.521	39.621
-95.506	39.651
POLYLINE BLACK
-95.776	39.516
-95.806	39.516
-95.806	39.456
-95.746	39.426
-95.716	39.426
-95.686	39.441
-95.671	39.501
-95.686	39.546
-95.716	39.561
POLYLINE BLACK
-96.481	39.516
-96.481	39.471
-96.466	39.441
-96.436	39.426
-96.376	39.336
-96.346	39.336
-96.316	39.321
-96.226	39.351
-96.196	39.381
-96.166	39.381
-96.136	39.396
-96.046	39.546
-96.046	39.576
-95.926	39.666
-95.896	39.681
-95.881	39.711
-95.851	39.711
-95.836	39.741
-95.806	39.726
-95.776	39.756
-95.746	39.756
-95.686	39.771
-95.656	39.771
-95.596	39.816
-95.566	39.816
-95.536	39.846
-95.506	39.846
-95.416	39.906
-95.386	39.966
-95.386	40.026
-95.416	40.101
-95.566	40.236
POLYLINE BLACK
-93.946	35.976
-93.946	35.931
-93.976	35.946
POLYLINE BLACK
-94.021	36.186
POLYLINE BLACK
-93.871	35.901
-93.856	35.871
POLYLINE BLACK
-96.976	40.386
-97.036	40.341
POLYLINE BLACK
-96.781	40.251
-96.871	40.176
POLYLINE BLACK
-96.676	40.041
-96.826	39.951
POLYLINE BLACK
-96.616	39.741
-96.631	39.696
-96.661	39.696
-96.721	39.681
POLYLINE BLACK
-96.586	39.576
-96.676	39.546
POLYLINE BLACK
-96.511	39.486
-96.496	39.426
-96.556	39.441
-96.616	39.411
-96.646	39.411
POLYLINE BLACK
-96.946	40.476
-96.856	40.356
-96.796	40.266
-96.676	40.116
-96.646	40.056
-96.646	40.026
-96.601	39.936
-96.601	39.906
-96.586	39.846
-96.586	39.801
-96.571	39.741
-96.571	39.681
-96.541	39.621
-96.541	39.591
-96.496	39.426
-96.406	39.351
-96.391	39.321
-96.361	39.306
POLYLINE BLACK
-97.291	41.166
POLYLINE BLACK
-98.056	39.846
-98.026	39.831
-97.906	39.906
-97.876	39.906
POLYLINE BLACK
-98.056	39.951
-98.026	39.966
-97.981	39.966
-97.921	40.011
-97.891	40.011
POLYLINE BLACK
-98.086	40.041
-98.056	40.041
-97.996	40.086
-97.966	40.071
POLYLINE BLACK
-98.176	39.651
-98.056	39.681
-98.026	39.711
POLYLINE BLACK
-98.461	39.576
-98.431	39.561
-98.371	39.591
-98.341	39.591
-98.281	39.606
POLYLINE BLACK
-96.166	40.341
-96.196	40.341
-96.316	40.371
-96.346	40.371
-96.376	40.401
-96.406	40.401
-96.526	40.461
-96.601	40.476
-96.661	40.461
-96.721	40.476
-96.751	40.476
-96.811	40.446
-97.051	40.446
-97.096	40.431
-97.126	40.446
-97.156	40.431
-97.186	40.446
-97.246	40.431
-97.276	40.431
-97.336	40.416
-97.396	40.416
-97.501	40.371
-97.531	40.371
-97.561	40.356
-97.591	40.371
-97.651	40.341
-97.771	40.341
-97.801	40.311
-97.891	40.311
-97.996	40.281
-98.026	40.266
POLYLINE BLACK
-96.811	39.311
-96.806	39.301
-96.776	39.301
-96.736	39.316
-96.716	39.321
-96.706	39.316
-96.686	39.321
-96.651	39.321
-96.641	39.316
-96.621	39.326
-96.601	39.321
-96.486	39.321
-96.476	39.326
-96.461	39.326
-96.451	39.321
-96.441	39.326
-96.416	39.321
-96.356	39.321
-96.331	39.316
-96.281	39.316
-96.246	39.306
-96.226	39.306
-96.196	39.296
-96.186	39.301
-96.176	39.296
-96.161	39.296
-96.126	39.281
-96.116	39.286
-96.106	39.281
-96.096	39.286
-96.066	39.276
-96.056	39.281
-96.041	39.281
-96.021	39.276
-95.991	39.276
-95.971	39.271
-95.941	39.271
-95.921	39.266
-95.891	39.266
-95.881	39.261
-95.846	39.261
-95.806	39.251
-95.786	39.251
-95.766	39.246
-95.731	39.246
-95.711	39.241
-95.641	39.241
-95.631	39.236
-95.611	39.246
-95.591	39.246
-95.561	39.236
POLYLINE BLACK
-97.976	39.461
-97.956	39.441
-97.951	39.426
-97.921	39.401
-97.891	39.381
-97.871	39.381
-97.861	39.371
-97.851	39.371
-97.841	39.361
-97.826	39.366
-97.806	39.356
-97.761	39.351
-97.741	39.341
-97.706	39.336
-97.671	39.326
-97.661	39.326
-97.641	39.321
-97.556	39.301
-97.526	39.301
-97.506	39.296
-97.496	39.296
-97.476	39.291
-97.451	39.291
-97.441	39.286
-97.421	39.291
-97.396	39.286
-97.376	39.291
-97.366	39.291
-97.356	39.286
-97.336	39.291
-97.316	39.291
-97.296	39.286
-97.276	39.291
-97.246	39.291
-97.231	39.296
-97.211	39.291
-97.191	39.296
-97.171	39.296
-97.146	39.291
-97.131	39.291
-97.111	39.296
-97.076	39.296
-97.066	39.286
-97.016	39.286
-96.996	39.291
-96.976	39.291
-96.966	39.296
-96.891	39.296
-96.881	39.291
-96.871	39.296
-96.861	39.291
-96.851	39.301
-96.841	39.301
-96.831	39.306
-96.821	39.301
-96.801	39.306
-96.791	39.306
POLYLINE BLACK
-98.016	39.821
-98.011	39.801
-98.011	39.776
-98.006	39.731
-98.006	39.531
-97.996	39.501
-97.996	39.486
-97.966	39.441
-97.956	39.436
-97.951	39.426
-97.941	39.426
POLYLINE BLACK
-98.036	40.186
-98.036	40.141
-98.041	40.121
-98.041	40.091
-98.046	40.071
-98.046	40.031
-98.041	40.021
-98.041	39.996
-98.046	39.976
-98.046	39.936
-98.051	39.916
-98.046	39.896
-98.046	39.876
-98.036	39.841
-98.036	39.831
-98.031	39.811
-98.031	39.801
POLYLINE BLACK
-98.126	40.096
-98.116	40.091
-98.096	40.096
-98.086	40.096
-98.066	40.106
-98.056	40.101
POLYLINE BLACK
-98.291	40.046
-98.261	40.046
-98.231	40.056
-98.221	40.066
-98.211	40.061
-98.201	40.066
POLYLINE BLACK
-98.421	40.006
-98.346	40.026
POLYLINE BLACK
-97.106	40.826
POLYLINE BLACK
-98.066	39.961
-98.061	39.951
-98.051	39.951
POLYLINE BLACK
-98.271	39.916
-98.261	39.911
-98.251	39.916
POLYLINE BLACK
-98.416	39.846
-98.426	39.841
POLYLINE BLACK
-98.296	39.861
POLYLINE BLACK
-98.141	39.901
POLYLINE BLACK
-98.386	40.021
POLYLINE BLACK
-98.271	39.896
POLYLINE BLACK
-98.361	39.846
-98.351	39.846
POLYLINE BLACK
-98.291	40.016
POLYLINE BLACK
-98.001	40.241
-98.016	40.221
-98.016	40.201
-98.031	40.171
-98.031	40.161
-98.036	40.151
POLYLINE BLACK
-96.536	40.426
-96.546	40.426
POLYLINE BLACK
-96.646	41.191
POLYLINE BLACK
-96.661	41.151
POLYLINE BLACK
-94.856	39.056
-94.856	39.046
-94.866	39.051
-94.876	39.041
-94.911	39.041
-94.921	39.036
-94.956	39.036
-94.976	39.031
-95.006	39.041
-95.061	39.041
-95.111	39.056
-95.131	39.061
-95.141	39.061
-95.161	39.076
-95.171	39.076
-95.191	39.091
-95.201	39.091
-95.226	39.101
-95.236	39.111
-95.246	39.111
-95.256	39.121
-95.266	39.121
-95.306	39.141
-95.316	39.141
-95.326	39.151
-95.336	39.151
-95.356	39.166
-95.366	39.166
-95.406	39.186
-95.416	39.186
-95.446	39.201
-95.456	39.201
-95.476	39.211
-95.496	39.211
-95.536	39.226
-95.556	39.231
-95.566	39.231
-95.591	39.241
-95.621	39.266
POLYLINE BLACK
-95.626	40.626
-95.631	40.636
-95.641	40.641
-95.631	40.626
-95.631	40.616
-95.641	40.606
-95.641	40.571
-95.631	40.536
-95.616	40.516
-95.601	40.511
-95.571	40.526
-95.551	40.556
-95.551	40.566
-95.556	40.586
-95.566	40.621
-95.611	40.671
-95.636	40.676
-95.671	40.676
POLYLINE BLACK
-93.311	37.436
-93.326	37.411
-93.331	37.386
-93.321	37.366
-93.306	37.366
-93.301	37.386
POLYLINE BLACK
-93.386	37.771
-93.396	37.781
-93.421	37.756
-93.441	37.711
-93.441	37.701
-93.431	37.696
-93.416	37.701
-93.416	37.721
POLYLINE BLACK
-93.866	37.776
-93.881	37.741
-93.886	37.701
-93.861	37.696
-93.846	37.716
-93.851	37.726
POLYLINE BLACK
-94.261	38.731
-94.271	38.721
-94.276	38.696
-94.251	38.701
-94.241	38.706
-94.236	38.716
POLYLINE BLACK
-93.841	38.336
-93.851	38.326
-93.866	38.321
-93.896	38.281
-93.896	38.271
-93.886	38.271
-93.866	38.286
-93.851	38.311
-93.846	38.331
POLYLINE BLACK
-93.946	38.551
-93.976	38.506
-93.976	38.491
-93.971	38.481
-93.946	38.481
-93.926	38.521
-93.931	38.541
POLYLINE BLACK
-94.676	39.136
-94.666	39.121
-94.666	39.106
-94.661	39.091
POLYLINE BLACK
-94.761	39.101
-94.746	39.066
-94.746	39.056
-94.741	39.046
POLYLINE BLACK
-94.821	39.096
-94.796	39.041
-94.796	39.031
POLYLINE BLACK
-94.841	39.036
-94.836	39.026
-94.751	39.026
-94.721	39.041
-94.711	39.041
-94.681	39.056
-94.661	39.056
-94.626	39.071
-94.616	39.071
-94.576	39.086
-94.541	39.106
-94.536	39.116
POLYLINE BLACK
-94.891	40.906
-94.971	40.816
-94.991	40.766
-94.961	40.736
-94.891	40.756
-94.861	40.806
-94.861	40.826
POLYLINE BLACK
-95.641	40.646
-95.671	40.546
-95.671	40.526
-95.641	40.526
-95.621	40.516
-95.581	40.536
-95.611	40.586
POLYLINE BLACK
-95.211	40.646
-95.231	40.656
-95.281	40.606
-95.291	40.566
-95.261	40.536
-95.231	40.536
-95.171	40.586
-95.171	40.626
-95.191	40.646
POLYLINE BLACK
-95.201	41.036
-95.201	41.016
-95.241	41.006
-95.271	40.956
-95.281	40.936
-95.251	40.906
-95.191	40.906
-95.151	40.956
-95.161	40.996
-95.171	41.016
POLYLINE BLACK
-95.661	40.956
-95.661	40.936
-95.701	40.926
-95.731	40.876
-95.721	40.836
-95.681	40.826
-95.631	40.846
-95.601	40.906
-95.611	40.956
-95.661	40.996
POLYLINE BLACK
-95.871	40.896
-95.861	40.816
-95.881	40.736
-95.851	40.626
-95.841	40.586
-95.811	40.546
-95.811	40.526
-95.661	40.316
-95.661	40.296
-95.551	40.156
-95.521	40.126
-95.491	40.076
-95.451	40.066
-95.441	40.046
-95.421	40.056
-95.381	40.036
-95.331	39.986
-95.291	39.966
-95.241	39.916
-95.161	39.866
-95.021	39.906
-94.961	39.926
-94.941	39.946
-94.901	39.946
-94.881	39.966
-94.861	39.956
-94.821	40.016
-94.821	40.056
-94.801	40.096
-94.801	40.126
-94.751	40.246
-94.751	40.266
-94.731	40.296
-94.731	40.316
-94.711	40.336
-94.711	40.356
-94.681	40.396
-94.671	40.436
-94.651	40.456
-94.651	40.486
-94.621	40.546
-94.601	40.646
-94.611	40.686
-94.611	40.706
POLYLINE BLACK
-95.381	41.276
-95.421	41.266
-95.441	41.276
-95.481	41.266
-95.521	41.266
-95.601	41.236
-95.621	41.236
-95.761	41.126
-95.781	41.086
-95.811	41.056
-95.841	40.976
-95.871	40.806
-95.901	40.686
-95.921	40.606
-95.971	40.456
-96.041	40.376
-96.081	40.366
-96.141	40.316
-96.181	40.306
-96.201	40.296
-96.241	40.306
-96.281	40.296
-96.321	40.306
-96.341	40.326
POLYLINE BLACK
-95.331	41.266
-95.331	41.246
-95.431	41.276
POLYLINE BLACK
-94.581	39.216
-94.571	39.176
-94.581	39.266
-94.581	39.316
-94.571	39.356
-94.571	39.396
-94.541	39.526
-94.501	39.726
-94.501	39.776
-94.481	39.886
-94.481	39.986
-94.471	40.036
-94.471	40.106
-94.481	40.136
-94.481	40.206
-94.491	40.296
-94.501	40.346
-94.531	40.496
-94.591	40.656
-94.611	40.706
-94.631	40.726
-94.641	40.776
-94.691	40.856
-94.731	40.946
-94.841	41.056
-94.901	41.106
-94.951	41.126
-95.031	41.176
-95.071	41.186
-95.111	41.206
-95.141	41.206
-95.221	41.236
-95.261	41.246
-95.321	41.266
-95.421	41.266
POLYLINE BLACK
-94.599	39.180
-94.578	39.152
-94.564	39.159
-94.543	39.208
-94.543	39.222
-94.536	39.250
-94.536	39.264
-94.529	39.292
-94.529	39.390
-94.543	39.432
-94.543	39.453
-94.550	39.467
POLYLINE BLACK
-92.387	36.408
-92.345	36.331
-92.352	36.380
-92.387	36.457
-92.429	36.513
-92.485	36.625
-92.534	36.688
-92.534	36.702
-92.569	36.779
-92.604	36.821
-92.611	36.842
-92.653	36.877
-92.793	36.989
-92.877	37.087
-92.947	37.164
-92.954	37.185
-92.989	37.227
-93.010	37.276
-93.108	37.416
-93.122	37.451
-93.185	37.549
-93.206	37.563
-93.255	37.640
-93.269	37.654
-93.276	37.675
-93.325	37.731
-93.402	37.850
-93.437	37.913
-93.507	38.018
-93.521	38.032
-93.521	38.046
-93.549	38.074
-93.556	38.095
-93.675	38.235
-93.710	38.291
-93.710	38.305
-93.731	38.354
-93.745	38.368
-93.752	38.403
-93.815	38.522
-93.857	38.585
-93.913	38.669
-94.046	38.837
-94.067	38.879
-94.109	38.928
-94.137	38.970
-94.179	39.005
-94.193	39.005
-94.249	39.047
-94.263	39.047
-94.277	39.061
-94.347	39.061
-94.375	39.068
-94.417	39.068
-94.431	39.054
-94.459	39.054
-94.487	39.068
-94.515	39.068
-94.557	39.096
-94.557	39.110
-94.564	39.138
POLYLINE BLACK
-92.394	36.408
-92.394	36.422
-92.443	36.520
-92.464	36.597
-92.478	36.625
-92.478	36.639
-92.506	36.681
-92.506	36.695
-92.534	36.723
POLYLINE BLACK
-92.891	36.317
-92.877	36.289
-92.877	36.275
-92.835	36.219
POLYLINE BLACK
-94.753	38.767
-94.725	38.718
-94.725	38.662
-94.690	38.620
-94.676	38.620
-94.669	38.606
-94.655	38.613
-94.613	38.592
-94.585	38.550
-94.557	38.480
-94.543	38.438
-94.522	38.410
-94.508	38.375
-94.473	38.333
-94.459	38.326
-94.424	38.284
-94.417	38.263
-94.361	38.214
-94.284	38.116
-94.277	38.095
-94.242	38.053
-94.221	38.025
-94.214	38.004
-94.172	37.941
-94.158	37.913
-94.130	37.892
-94.109	37.864
-94.039	37.801
-93.997	37.766
-93.906	37.633
-93.899	37.612
-93.885	37.598
-93.885	37.584
-93.843	37.507
-93.829	37.493
-93.815	37.458
-93.773	37.402
-93.766	37.381
-93.668	37.269
-93.654	37.248
-93.626	37.227
-93.619	37.206
-93.521	37.115
-93.500	37.087
-93.444	37.038
-93.409	36.982
-93.367	36.926
-93.360	36.905
-93.318	36.842
-93.290	36.821
-93.269	36.779
-93.213	36.695
-93.171	36.618
-93.150	36.590
-93.143	36.569
-93.115	36.541
-93.101	36.506
-93.087	36.499
-93.066	36.471
-93.059	36.450
-92.975	36.366
-92.954	36.338
-92.940	36.338
-92.919	36.310
-92.905	36.310
-92.877	36.289
-92.863	36.289
-92.842	36.261
-92.828	36.254
-92.821	36.233
POLYLINE BLACK
-94.984	38.998
-94.970	38.998
-94.942	39.005
-94.928	39.019
-94.914	39.019
-94.900	39.026
-94.872	39.019
-94.858	39.026
-94.858	39.040
-94.844	39.040
-94.816	38.998
-94.816	38.956
-94.844	38.914
-94.858	38.879
-94.858	38.865
-94.844	38.872
-94.788	38.858
-94.774	38.858
-94.760	38.844
-94.746	38.844
-94.725	38.802
-94.718	38.739
-94.718	38.718
-94.725	38.690
-94.725	38.662
POLYLINE BLACK
-89.813	35.076
-89.763	35.016
-89.763	35.076
-89.773	35.096
-89.783	35.216
-89.793	35.116
-89.793	35.026
-89.783	34.866
-89.773	34.816
-89.763	34.446
-89.723	34.256
-89.713	34.216
-89.663	34.156
-89.633	34.086
-89.573	34.076
-89.523	33.996
-89.573	33.776
-89.583	33.546
-89.563	33.416
-89.563	33.376
-89.583	33.286
-89.603	33.186
-89.633	33.046
-89.673	32.996
-89.683	32.956
-89.703	32.936
-89.703	32.876
-89.693	32.836
-89.693	32.796
POLYLINE BLACK
-89.853	35.286
POLYLINE BLACK
-90.953	37.386
-90.933	37.366
-90.893	37.376
-90.873	37.356
-90.823	37.356
-90.783	37.346
-90.743	37.346
-90.703	37.336
-90.623	37.316
-90.583	37.326
-90.503	37.346
-90.463	37.336
-90.413	37.346
-90.333	37.356
-90.293	37.356
-90.223	37.376
-90.183	37.376
-90.123	37.396
-90.073	37.406
-90.013	37.426
-89.973	37.426
POLYLINE BLACK
-91.163	40.706
-91.143	40.686
-91.123	40.586
-91.133	40.556
-91.113	40.476
-91.113	40.196
-91.103	40.146
-91.103	40.106
-91.093	40.086
-91.103	40.046
-91.113	40.006
-91.153	39.856
-91.153	39.686
-91.143	39.646
-91.123	39.556
-91.073	39.406
-90.943	39.276
-90.943	39.256
-90.873	39.186
-90.823	39.126
-90.803	39.036
-90.823	38.896
-90.833	38.856
-90.853	38.756
-90.853	38.566
-90.863	38.526
-90.863	38.466
-90.873	38.396
-90.883	38.316
-90.883	38.276
-90.893	38.256
-90.883	38.216
-90.883	38.046
-90.873	37.976
-90.873	37.876
-90.883	37.856
-90.873	37.786
-90.873	37.646
-90.883	37.606
-90.903	37.466
-90.903	37.426
-90.923	37.366
POLYLINE BLACK
-91.003	40.716
-91.003	40.696
-91.043	40.676
-91.073	40.676
-91.093	40.666
-91.113	40.676
POLYLINE BLACK
-90.413	40.736
-90.523	40.706
-90.563	40.696
-90.603	40.706
-90.653	40.696
-90.743	40.716
-90.823	40.706
-90.883	40.706
-90.903	40.686
-90.943	40.686
-90.963	40.676
POLYLINE BLACK
-90.453	39.216
-90.443	39.186
-90.423	39.266
-90.423	39.376
-90.403	39.416
-90.323	38.996
-90.323	38.926
-90.373	38.976
-90.423	39.086
-90.433	39.176
-90.433	39.266
-90.413	39.326
-90.413	39.396
-90.403	39.416
-90.403	39.586
-90.413	39.656
-90.413	39.816
-90.403	39.856
-90.403	39.936
-90.393	39.986
-90.393	40.046
-90.383	40.086
-90.393	40.126
-90.393	40.266
-90.403	40.316
-90.403	40.566
-90.393	40.596
-90.403	40.616
-90.393	40.656
-90.393	40.726
POLYLINE BLACK
-89.943	37.446
-90.053	37.646
-90.063	37.696
-90.173	38.036
-90.183	38.076
-90.203	38.116
-90.203	38.146
-90.313	38.446
-90.343	38.596
-90.363	38.706
-90.393	38.996
-90.393	39.056
-90.403	39.106
POLYLINE CONNECT
-90.813	39.016
-92.798	36.206
POLYLINE BLACK
-92.243	35.696
-92.243	35.656
-92.163	35.566
-92.163	35.526
-92.173	35.506
-92.213	35.496
-92.233	35.506
-92.253	35.496
-92.263	35.516
POLYLINE BLACK
-92.263	35.616
-92.263	35.536
-92.223	35.516
-92.213	35.536
POLYLINE BLACK
-91.583	34.986
-91.603	34.966
-91.603	34.926
-91.583	34.906
-91.543	34.896
-91.513	34.936
-91.553	34.976
POLYLINE BLACK
-90.993	34.176
-90.953	34.106
POLYLINE BLACK
-91.053	34.096
-91.033	34.026
POLYLINE BLACK
-91.183	34.096
-91.183	34.066
-91.143	33.966
POLYLINE BLACK
-91.293	34.106
-91.253	33.996
-91.253	33.976
POLYLINE BLACK
-91.293	33.996
-91.283	33.966
-91.263	33.976
-91.233	33.946
-91.193	33.936
-91.153	33.946
-91.033	33.976
-90.933	34.026
-90.913	34.046
-90.873	34.046
-90.853	34.066
-90.813	34.076
-90.793	34.086
POLYLINE BLACK
-92.273	35.826
-92.303	35.786
-92.273	35.756
-92.253	35.756
-92.243	35.796
POLYLINE BLACK
-92.003	35.496
-92.003	35.516
-92.023	35.456
-92.003	35.416
-91.983	35.406
-91.963	35.426
-91.963	35.456
-91.973	35.476
POLYLINE BLACK
-91.903	35.056
-91.923	35.046
-91.923	34.996
-91.883	34.966
-91.843	34.976
-91.843	34.996
-91.903	35.056
POLYLINE BLACK
-91.523	34.646
-91.513	34.556
-91.473	34.506
-91.433	34.496
-91.393	34.526
-91.393	34.546
-91.413	34.596
-91.473	34.636
-91.513	34.626
POLYLINE BLACK
-91.183	34.346
-91.153	34.266
-91.133	34.246
-91.093	34.236
-91.043	34.186
-91.043	34.166
POLYLINE BLACK
-91.153	34.296
-91.153	34.186
-91.093	34.136
-91.073	34.146
-91.113	34.206
POLYLINE BLACK
-90.773	33.976
-90.763	33.946
-90.773	33.986
-90.843	34.106
-90.873	34.196
-90.893	34.216
-90.893	34.246
-90.953	34.346
-90.983	34.416
-91.083	34.566
-91.123	34.606
-91.153	34.656
-91.223	34.756
-91.253	34.786
-91.333	34.886
-91.413	34.986
-91.583	35.186
-91.693	35.306
-91.923	35.606
-91.963	35.676
-92.003	35.716
-92.033	35.766
-92.143	35.906
-92.243	36.076
-92.243	36.106
-92.263	36.126
-92.273	36.166
-92.323	36.306
-92.333	36.346
-92.343	36.366
POLYLINE BLACK
-91.243	33.806
-91.233	33.826
-91.303	34.006
-91.313	34.046
-91.433	34.206
-91.543	34.376
-91.673	34.536
-91.693	34.586
-91.753	34.676
-91.803	34.726
-91.843	34.816
-91.883	34.856
-91.883	34.876
-91.913	34.926
-92.003	35.016
-92.033	35.046
-92.063	35.096
-92.133	35.166
-92.203	35.266
-92.353	35.446
-92.513	35.666
-92.533	35.746
-92.563	35.806
-92.573	35.846
-92.603	35.916
-92.683	36.016
-92.773	36.146
-92.843	36.226
-92.803	36.156
POLYLINE BLACK
-89.788	35.203
-89.802	35.203
-89.830	35.210
-89.844	35.210
-89.872	35.196
-89.900	35.196
-89.914	35.189
-89.956	35.210
-89.949	35.245
-89.942	35.259
-89.914	35.280
-89.893	35.308
-89.865	35.322
-89.851	35.322
-89.823	35.343
-89.802	35.350
-89.774	35.343
-89.760	35.343
-89.746	35.350
-89.718	35.343
-89.704	35.350
-89.690	35.343
-89.655	35.343
-89.627	35.336
-89.599	35.343
-89.571	35.343
-89.522	35.329
-89.494	35.336
-89.466	35.329
-89.452	35.329
-89.424	35.322
-89.396	35.322
-89.354	35.308
-89.340	35.315
-89.312	35.308
-89.270	35.308
-89.214	35.294
-89.186	35.301
-89.102	35.280
-89.060	35.280
-89.046	35.287
-89.018	35.280
-89.004	35.280
-88.990	35.273
-88.976	35.280
-88.934	35.259
-88.920	35.266
-88.878	35.231
-88.878	35.217
-88.920	35.189
-88.976	35.154
-88.990	35.161
-89.032	35.140
-89.046	35.140
-89.074	35.084
-89.074	35.014
-89.046	34.958
-89.046	34.937
-89.032	34.909
-89.032	34.895
-89.025	34.867
-89.025	34.818
-88.997	34.720
-88.983	34.671
-88.983	34.643
-88.969	34.615
-88.969	34.594
-88.955	34.538
-88.955	34.524
-88.941	34.468
-88.941	34.426
-88.934	34.398
-88.934	34.307
-88.969	34.188
-89.081	34.048
-89.109	34.027
-89.123	33.999
-89.123	33.985
-89.137	33.957
-89.137	33.894
-89.123	33.859
-89.123	33.845
-89.116	33.831
POLYLINE BLACK
-89.186	34.643
POLYLINE BLACK
-88.353	35.511
POLYLINE BLACK
-88.857	32.711
-88.843	32.739
-88.843	32.753
-88.822	32.802
-88.822	32.830
-88.815	32.858
-88.815	32.977
-88.822	33.005
-88.822	33.117
-88.829	33.131
-88.829	33.152
-88.843	33.208
-88.843	33.229
-88.857	33.257
-88.857	33.292
-88.871	33.348
-88.871	33.369
-88.885	33.397
-88.885	33.411
-88.913	33.488
-88.941	33.544
-88.962	33.572
-88.976	33.579
-89.025	33.635
-89.039	33.642
-89.060	33.670
-89.067	33.691
-89.102	33.733
-89.102	33.747
-89.123	33.775
-89.123	33.789
-89.130	33.803
-89.130	33.866
POLYLINE BLACK
-89.284	32.683
-89.270	32.683
-89.256	32.697
-89.165	32.697
-89.137	32.690
-89.116	32.704
-89.067	32.704
-89.039	32.697
-89.025	32.704
-88.948	32.704
-88.934	32.711
-88.829	32.711
POLYLINE BLACK
-89.746	32.788
-89.746	32.774
-89.732	32.774
-89.704	32.767
-89.627	32.767
-89.585	32.760
-89.571	32.760
-89.557	32.753
-89.452	32.753
-89.438	32.739
-89.410	32.739
-89.396	32.732
-89.249	32.732
POLYLINE CONNECT
-89.116	33.887
-90.794	34.033
POLYLINE BLACK
-90.894	33.614
-90.915	33.586
-90.908	33.572
-90.880	33.572
-90.866	33.586
-90.873	33.600
POLYLINE BLACK
-90.684	32.095
-90.691	32.067
-90.677	32.046
-90.663	32.046
-90.621	32.074
-90.649	32.116
-90.684	32.123
POLYLINE BLACK
-90.390	32.228
-90.411	32.200
-90.404	32.179
-90.362	32.151
-90.348	32.151
-90.334	32.158
-90.327	32.193
-90.341	32.221
POLYLINE BLACK
-90.439	32.648
-90.432	32.620
-90.439	32.571
-90.432	32.557
-90.404	32.557
-90.390	32.571
-90.390	32.613
-90.425	32.627
POLYLINE BLACK
-90.789	33.264
-90.796	33.236
-90.796	33.222
-90.782	33.187
-90.754	33.187
-90.733	33.215
-90.740	33.229
POLYLINE BLACK
-90.775	32.837
-90.775	32.823
-90.768	32.809
-90.782	32.781
-90.782	32.767
-90.761	32.739
-90.740	32.739
-90.726	32.746
-90.719	32.760
-90.740	32.788
POLYLINE BLACK
-90.789	32.109
-90.789	32.095
-90.754	32.046
-90.733	32.032
-90.726	32.018
-90.761	32.109
-90.768	32.144
-90.775	32.158
-90.775	32.179
-90.789	32.207
-90.789	32.228
-90.803	32.256
-90.803	32.270
-90.817	32.298
-90.817	32.319
-90.838	32.375
-90.838	32.389
-90.852	32.417
-90.852	32.438
-90.859	32.466
-90.859	32.494
-90.873	32.543
-90.873	32.557
-90.887	32.585
-90.894	32.634
-90.915	32.683
-90.915	32.697
-90.929	32.725
-90.936	32.760
-90.971	32.837
-90.978	32.872
-91.048	32.998
-91.076	33.124
-91.083	33.187
-91.083	33.208
-91.132	33.376
-91.132	33.397
-91.146	33.425
-91.146	33.439
-91.174	33.551
-91.174	33.565
-91.195	33.642
-91.195	33.656
-91.209	33.712
-91.209	33.726
-91.237	33.803
-91.237	33.817
-91.251	33.831
-91.251	33.845
-91.265	33.873
POLYLINE BLACK
-90.817	32.130
-90.775	32.102
-90.775	32.088
-90.761	32.060
-90.761	32.060
-90.775	32.088
-90.782	32.123
-90.803	32.193
-90.803	32.214
-90.824	32.270
-90.824	32.291
-90.866	32.396
-90.901	32.466
-90.901	32.480
-90.908	32.494
POLYLINE BLACK
-90.530	31.542
-90.516	31.542
-90.509	31.528
-90.474	31.507
-90.467	31.486
-90.453	31.479
POLYLINE BLACK
-90.474	31.507
-90.474	31.493
-90.544	31.598
-90.565	31.640
-90.572	31.689
-90.593	31.731
-90.593	31.745
-90.670	31.906
-90.670	31.920
-90.698	31.983
-90.719	32.081
POLYLINE BLACK
-90.488	31.570
-90.488	31.556
-90.481	31.542
POLYLINE BLACK
-90.110	32.004
-90.103	31.976
-90.124	32.018
-90.124	32.032
-90.138	32.067
-90.138	32.081
-90.152	32.109
-90.152	32.137
-90.159	32.172
-90.159	32.186
-90.173	32.242
-90.180	32.291
-90.187	32.305
-90.187	32.326
-90.201	32.354
-90.201	32.368
-90.222	32.417
-90.222	32.431
-90.243	32.459
-90.243	32.480
-90.278	32.557
-90.285	32.592
-90.299	32.627
-90.299	32.641
-90.327	32.704
-90.341	32.753
-90.376	32.830
-90.376	32.851
-90.411	32.928
-90.411	32.949
-90.425	32.984
-90.425	33.019
-90.432	33.033
-90.432	33.068
-90.446	33.110
-90.446	33.131
-90.467	33.201
-90.467	33.222
-90.488	33.292
-90.523	33.404
-90.523	33.418
-90.544	33.460
-90.544	33.481
-90.558	33.495
-90.558	33.530
-90.572	33.558
-90.572	33.572
-90.586	33.607
-90.586	33.621
-90.600	33.649
-90.600	33.663
-90.628	33.733
-90.628	33.747
-90.677	33.845
-90.677	33.845
-90.691	33.852
-90.712	33.901
-90.761	33.957
-90.761	33.971
-90.796	34.041
-90.810	34.048
POLYLINE BLACK
-90.152	31.521
-90.166	31.514
-90.194	31.472
-90.194	31.458
-90.187	31.444
-90.159	31.444
-90.131	31.486
-90.138	31.514
POLYLINE BLACK
-89.795	31.675
-89.802	31.654
-89.816	31.654
-89.830	31.647
-89.858	31.605
-89.830	31.591
-89.816	31.598
-89.809	31.626
POLYLINE BLACK
-89.956	31.556
-89.998	31.528
-89.991	31.514
-89.928	31.535
-89.935	31.556
POLYLINE BLACK
-89.991	31.843
-89.970	31.794
-89.998	31.773
-90.012	31.752
-90.012	31.724
-89.998	31.710
-89.984	31.710
-89.956	31.717
-89.942	31.731
-89.935	31.766
-89.956	31.794
-89.984	31.808
POLYLINE BLACK
-89.564	31.682
-89.564	31.668
-89.578	31.668
-89.620	31.689
-89.634	31.689
-89.704	31.738
-89.746	31.773
-89.781	31.815
-89.823	31.836
-89.830	31.850
-89.872	31.871
-89.900	31.892
-89.914	31.892
-89.956	31.913
-89.963	31.927
-90.019	31.948
-90.033	31.962
-90.047	31.962
-90.061	31.976
-90.089	31.976
-90.103	31.990
POLYLINE BLACK
-90.530	31.661
POLYLINE BLACK
-90.313	31.514
-90.236	31.416
-90.215	31.374
-90.257	31.395
-90.271	31.409
-90.285	31.409
-90.306	31.437
-90.362	31.479
-90.376	31.486
-90.383	31.500
-90.411	31.507
-90.439	31.528
-90.460	31.556
POLYLINE BLACK
-88.120	35.376
-88.120	35.326
-88.110	35.306
-88.070	35.316
-88.050	35.316
POLYLINE BLACK
-88.200	35.376
-88.250	35.316
-88.220	35.286
-88.180	35.296
-88.160	35.316
-88.160	35.386
POLYLINE BLACK
-88.340	35.376
-88.330	35.346
-88.360	35.306
-88.350	35.266
-88.310	35.256
-88.300	35.286
-88.320	35.326
POLYLINE BLACK
-88.410	35.406
-88.390	35.366
-88.430	35.306
-88.430	35.286
-88.390	35.246
-88.360	35.276
-88.360	35.316
-88.400	35.346
-88.420	35.336
POLYLINE BLACK
-88.480	35.516
-88.460	35.486
-88.460	35.456
-88.430	35.396
-88.430	35.356
-88.380	35.296
-88.320	35.296
-88.300	35.316
-88.280	35.306
-88.260	35.326
-88.220	35.326
-88.200	35.336
-88.180	35.326
-88.140	35.346
-88.100	35.336
-88.060	35.336
-88.020	35.326
-87.980	35.316
-87.940	35.326
-87.920	35.326
-87.900	35.386
-87.900	35.416
-87.920	35.496
-87.970	35.576
-88.000	35.666
-87.990	35.706
-87.980	35.786
-87.980	35.926
-87.990	35.966
-88.000	36.056
-88.010	36.096
-88.020	36.176
-88.020	36.256
POLYLINE BLACK
-88.550	38.176
-88.540	38.136
-88.540	38.066
-88.500	38.146
-88.490	38.186
-88.490	38.186
-88.510	38.086
-88.510	37.906
-88.520	37.866
-88.520	37.666
-88.500	37.576
-88.490	37.496
-88.500	37.456
-88.500	37.286
-88.490	37.246
-88.490	37.146
-88.460	37.036
-88.360	36.896
-88.340	36.786
-88.340	36.736
-88.350	36.696
-88.350	36.646
-88.370	36.586
-88.370	36.556
-88.380	36.516
-88.370	36.456
-88.380	36.476
-88.380	36.436
-88.400	36.346
-88.400	36.316
-88.410	36.276
-88.410	36.216
-88.420	36.176
-88.400	36.116
-88.400	36.046
-88.410	36.006
-88.410	35.906
-88.420	35.866
-88.420	35.846
-88.450	35.816
-88.510	35.716
-88.520	35.676
-88.530	35.636
-88.530	35.596
-88.510	35.536
-88.430	35.456
-88.410	35.416
POLYLINE BLACK
-88.540	38.196
-88.520	38.176
-88.520	38.116
-88.500	38.056
POLYLINE BLACK
-87.980	35.786
-87.940	35.696
-87.950	35.776
-87.960	35.856
-87.960	35.896
-87.970	35.966
-87.970	36.006
-87.990	36.096
-88.000	36.176
-88.000	36.266
-87.990	36.286
-87.990	36.336
-87.960	36.486
-87.960	36.786
-87.970	36.806
-87.960	36.836
-87.970	36.856
-87.960	36.896
-87.960	37.136
-87.970	37.216
-87.970	37.266
-87.990	37.376
-87.990	37.406
-88.000	37.446
-88.000	37.476
-88.010	37.516
-88.010	37.666
-88.020	37.736
-88.020	37.796
-88.060	37.976
-88.080	38.086
-88.080	38.146
-88.070	38.196
-88.110	38.206
-88.130	38.216
-88.160	38.206
-88.180	38.216
-88.200	38.206
-88.220	38.216
-88.240	38.206
-88.260	38.216
-88.280	38.196
-88.320	38.206
-88.340	38.186
-88.400	38.196
-88.420	38.186
POLYLINE CONNECT
-87.980	36.001
-89.566	31.642
POLYLINE BLACK
-89.555	31.141
-89.555	31.131
-89.585	31.081
-89.585	31.061
-89.580	31.051
-89.555	31.041
-89.545	31.041
-89.535	31.051
-89.535	31.086
-89.550	31.116
-89.565	31.126
POLYLINE BLACK
-89.785	30.811
-89.805	30.806
-89.815	30.806
-89.835	30.791
-89.840	30.781
-89.820	30.766
-89.810	30.766
-89.790	30.786
-89.795	30.796
POLYLINE BLACK
-89.730	31.341
-89.740	31.336
-89.755	31.316
-89.755	31.296
-89.745	31.281
-89.725	31.276
-89.705	31.286
-89.695	31.311
-89.695	31.331
-89.700	31.341
-89.720	31.351
POLYLINE BLACK
-89.795	31.026
-89.825	30.986
-89.820	30.976
-89.820	30.961
-89.805	30.941
-89.790	30.961
-89.790	30.971
-89.785	30.991
-89.805	31.011
-89.815	31.006
POLYLINE BLACK
-89.485	30.901
-89.505	30.881
-89.505	30.866
-89.510	30.846
-89.490	30.816
-89.460	30.816
-89.450	30.821
-89.440	30.841
-89.440	30.851
-89.455	30.886
-89.470	30.896
POLYLINE BLACK
-89.380	31.076
-89.400	31.061
-89.405	31.051
-89.400	31.041
-89.390	31.041
-89.360	31.051
-89.335	31.081
-89.335	31.091
-89.355	31.096
POLYLINE BLACK
-89.525	31.336
-89.520	31.326
-89.545	31.296
-89.545	31.286
-89.525	31.256
-89.500	31.246
-89.480	31.251
-89.470	31.271
-89.470	31.281
-89.465	31.301
-89.485	31.331
-89.510	31.341
-89.520	31.341
-89.530	31.346
POLYLINE BLACK
-89.915	31.256
-89.915	31.216
-89.935	31.206
-89.945	31.166
-89.925	31.126
-89.895	31.136
-89.865	31.196
-89.885	31.266
-89.905	31.266
POLYLINE BLACK
-89.065	30.826
-89.135	30.926
-89.145	30.966
-89.175	31.056
-89.205	31.116
-89.215	31.156
-89.245	31.196
-89.245	31.226
-89.315	31.346
-89.405	31.446
-89.555	31.616
-89.555	31.636
-89.635	31.736
POLYLINE BLACK
-89.205	31.196
POLYLINE BLACK
-89.985	30.656
-89.955	30.486
-89.975	30.566
-89.975	30.606
-90.015	30.756
-90.025	30.796
-90.045	30.906
-90.055	30.966
-90.045	30.986
-90.055	31.006
-90.045	31.046
-90.065	31.186
-90.085	31.206
-90.085	31.236
-90.145	31.316
-90.165	31.316
-90.215	31.376
POLYLINE BLACK
-89.895	30.366
-89.975	30.556
POLYLINE BLACK
-89.945	30.526
-89.935	30.436
-89.925	30.416
-89.935	30.466
-89.945	30.506
-89.945	30.526
POLYLINE BLACK
-87.895	38.876
POLYLINE BLACK
-84.895	34.476
-84.795	34.316
-84.815	34.156
-84.815	34.016
-84.835	33.976
-84.815	33.896
-84.815	33.816
-84.775	33.636
-84.735	33.416
-84.675	33.036
-84.675	32.796
-84.695	32.716
-84.695	32.416
-84.715	32.336
-84.735	32.116
-84.755	32.036
POLYLINE BLACK
-84.895	37.496
-84.735	37.296
-84.675	37.176
-84.675	36.876
-84.655	36.796
-84.675	36.656
-84.695	36.276
-84.715	36.096
-84.715	35.936
-84.695	35.856
-84.695	35.596
-84.595	35.316
-84.555	35.276
-84.555	34.936
-84.575	34.856
-84.595	34.776
-84.615	34.696
-84.635	34.616
-84.695	34.536
-84.715	34.456
-84.755	34.336
-84.795	34.316
-84.835	34.356
-84.875	34.356
-84.935	34.416
-85.015	34.436
POLYLINE BROWN
-84.425	33.721
-84.425	33.701
-84.430	33.681
-84.425	33.636
-84.425	33.611
-84.420	33.581
-84.420	33.556
-84.415	33.516
-84.415	33.506
-84.410	33.486
-84.415	33.496
-84.415	33.556
-84.420	33.576
-84.415	33.611
-84.415	33.641
-84.420	33.651
-84.420	33.686
-84.415	33.731
-84.415	33.746
-84.410	33.756
-84.390	33.756
-84.360	33.746
-84.345	33.736
-84.330	33.706
-84.340	33.686
-84.365	33.666
-84.385	33.666
-84.395	33.661
POLYLINE BROWN
-84.650	33.711
-84.650	33.676
-84.640	33.646
-84.630	33.626
-84.630	33.616
-84.610	33.586
-84.600	33.581
-84.570	33.601
-84.560	33.621
-84.560	33.646
-84.555	33.656
-84.555	33.706
-84.545	33.661
-84.545	33.651
-84.525	33.611
POLYLINE BROWN
-84.165	34.206
-84.170	34.186
-84.185	34.061
-84.190	34.026
-84.195	34.006
-84.190	34.016
-84.190	34.031
-84.160	34.071
-84.140	34.076
-84.130	34.076
-84.120	34.066
-84.120	34.056
-84.145	34.026
-84.185	34.006
POLYLINE BROWN
-84.395	34.011
-84.395	33.996
-84.410	33.986
-84.415	33.976
-84.395	33.996
-84.390	34.011
-84.370	34.016
-84.360	34.016
-84.350	34.021
-84.340	34.011
-84.340	33.991
-84.325	34.021
-84.295	34.046
-84.285	34.041
-84.265	34.016
-84.260	33.991
POLYLINE BROWN
-84.465	34.001
-84.475	33.971
POLYLINE BROWN
-84.510	34.146
-84.520	34.106
-84.520	34.066
-84.530	34.001
POLYLINE BROWN
-84.625	34.116
-84.650	34.111
-84.660	34.111
-84.680	34.096
-84.690	34.096
-84.720	34.056
-84.720	34.046
-84.725	34.026
-84.710	33.991
-84.680	33.961
-84.655	33.961
POLYLINE BLACK
-85.515	32.356
-85.435	32.126
-85.435	32.106
-85.415	32.086
-85.375	32.076
-85.345	32.046
-85.305	32.036
-85.265	32.016
-85.205	31.936
-85.205	31.806
-85.235	31.736
-85.335	31.576
-85.345	31.526
-85.365	31.466
POLYLINE BLACK
-85.515	32.216
-85.475	32.096
-85.445	32.056
-85.405	32.046
-85.385	32.036
POLYLINE BLACK
-85.295	31.896
-85.295	31.876
POLYLINE BLACK
-84.875	31.856
-84.875	31.836
POLYLINE BLACK
-84.975	34.466
-84.955	34.466
-84.915	34.556
-84.915	34.586
POLYLINE BLACK
-85.035	34.606
-84.985	34.556
-84.955	34.546
-84.935	34.556
-84.945	34.636
POLYLINE BLUE
-84.965	28.086
-84.955	28.056
-84.935	28.076
-84.895	28.086
-84.875	28.106
-84.775	28.036
-84.755	28.046
-84.715	28.036
-84.665	28.046
-84.645	28.056
POLYLINE BLUE
-84.965	28.116
-84.965	28.086
-84.955	28.066
-84.875	28.126
-84.815	28.106
-84.795	28.116
-84.735	28.096
-84.695	28.106
-84.655	28.106
POLYLINE BLACK
-84.845	31.826
-84.765	31.746
-84.675	31.486
-84.675	31.396
-84.665	31.346
-84.665	31.146
-84.675	31.076
-84.675	31.026
-84.685	30.956
-84.685	30.556
-84.695	30.496
-84.695	30.086
-84.685	30.046
-84.685	29.896
-84.675	29.846
-84.675	29.756
-84.665	29.716
-84.665	29.646
-84.655	29.606
-84.655	29.556
-84.645	29.516
-84.645	29.466
-84.635	29.426
-84.625	29.346
-84.625	29.316
-84.615	29.276
-84.615	29.036
-84.625	28.936
-84.635	28.916
-84.635	28.846
-84.645	28.796
-84.645	28.616
-84.635	28.566
-84.635	28.476
-84.625	28.436
-84.615	28.356
-84.615	28.316
-84.605	28.276
-84.605	28.086
-84.645	28.026
-84.685	28.026
-84.725	28.016
-84.765	28.026
-84.875	28.056
-84.895	28.046
-84.935	28.056
-84.975	28.056
-85.035	28.146
-85.035	28.176
-85.065	28.236
-85.085	28.326
-85.115	28.406
-85.135	28.496
-85.145	28.536
-85.155	28.636
-85.175	28.696
-85.175	28.746
-85.195	28.866
-85.205	28.986
-85.205	29.056
-85.195	29.146
-85.195	29.186
-85.175	29.266
-85.175	29.316
-85.165	29.356
-85.165	29.406
-85.155	29.446
-85.155	29.956
-85.165	30.016
-85.165	30.116
-85.175	30.196
-85.175	30.226
-85.185	30.276
-85.185	30.666
-85.195	30.766
-85.205	30.786
-85.205	30.836
-85.235	30.986
-85.245	31.036
-85.245	31.076
-85.275	31.186
-85.275	31.236
-85.305	31.346
-85.305	31.376
-85.325	31.416
-85.325	31.446
-85.365	31.556
-85.385	31.656
-85.385	31.736
POLYLINE BLACK
-85.499	32.286
-85.457	32.132
-85.457	32.118
-85.471	32.104
-85.471	32.090
-85.478	32.076
-85.471	32.062
-85.464	32.090
-85.464	32.104
-85.457	32.118
-85.464	32.139
-85.457	32.153
POLYLINE BLACK
-85.583	34.407
-85.562	34.379
-85.555	34.344
-85.548	34.316
-85.548	34.274
-85.562	34.239
-85.562	34.225
-85.569	34.197
-85.569	34.162
-85.562	34.134
-85.534	33.903
-85.506	33.798
-85.478	33.679
-85.478	33.658
-85.464	33.623
-85.450	33.476
-85.450	33.441
-85.443	33.392
-85.443	33.357
-85.436	33.343
-85.436	33.091
-85.443	33.035
-85.443	33.007
-85.450	32.972
-85.450	32.958
-85.457	32.944
-85.457	32.888
-85.471	32.818
-85.471	32.755
-85.478	32.741
-85.478	32.608
-85.485	32.580
-85.485	32.482
-85.478	32.454
-85.471	32.391
-85.471	32.377
-85.464	32.363
-85.464	32.314
-85.457	32.279
-85.457	32.265
-85.450	32.251
-85.450	32.216
-85.436	32.188
-85.436	32.174
-85.429	32.160
-85.429	32.139
-85.415	32.111
POLYLINE BLACK
-84.736	32.146
-84.722	32.111
-84.722	32.097
-84.715	32.083
-84.785	32.020
-84.813	32.013
-84.827	31.999
-84.841	31.999
-84.855	31.985
-84.869	31.985
-84.876	31.971
-84.890	31.971
-84.911	31.943
-84.911	31.894
-84.876	31.824
-84.834	31.803
-84.820	31.789
-84.806	31.789
-84.771	31.747
-84.750	31.719
POLYLINE BLACK
-86.493	36.437
POLYLINE BLACK
-85.001	34.605
-84.971	34.525
-84.951	34.585
-84.951	34.655
-84.941	34.675
POLYLINE BLACK
-85.241	35.055
-85.161	34.875
-85.161	34.695
-85.151	34.655
-85.141	34.615
-85.121	34.565
-85.061	34.515
POLYLINE BLACK
-85.301	35.125
-85.211	34.975
-85.141	34.905
-85.131	34.865
POLYLINE BLACK
-85.611	35.175
-85.551	35.055
-85.471	35.045
-85.431	35.055
-85.351	35.155
-85.311	35.175
-85.271	35.135
-85.271	35.095
-85.231	34.995
-85.191	34.935
POLYLINE BLACK
-85.661	37.655
-85.571	37.535
-85.691	37.445
-85.721	37.235
-85.661	36.815
-85.631	36.695
-85.631	36.335
-85.661	36.215
-85.661	36.005
-85.691	35.915
-85.661	35.795
-85.601	35.555
-85.571	35.435
-85.541	35.195
-85.541	35.075
-85.511	34.865
-85.571	34.625
-85.571	34.445
POLYLINE BLACK
-85.601	37.445
-85.481	37.415
-85.361	37.445
-85.241	37.415
-85.061	37.475
-84.941	37.445
-84.881	37.475
-84.821	37.445
POLYLINE BLACK
-85.571	34.445
-85.511	34.355
-85.331	34.415
-85.271	34.475
-85.091	34.475
-84.971	34.445
-84.911	34.475
-84.851	34.445
POLYLINE CONNECT
-85.331	35.195
-89.716	30.532
POLYLINE BLACK
-89.044	30.029
-89.037	30.008
-88.981	29.959
-88.974	29.938
-88.953	29.910
POLYLINE BLACK
-88.547	29.826
-88.589	29.798
POLYLINE BLACK
-88.246	29.532
-88.309	29.490
POLYLINE BLACK
-87.980	29.287
-87.987	29.301
-88.036	29.301
-88.071	29.287
-88.085	29.273
POLYLINE BLACK
-88.057	29.091
-88.057	29.077
-87.994	29.000
-87.910	28.937
POLYLINE BLACK
-88.050	29.056
POLYLINE BLACK
-88.232	29.091
-88.225	29.077
-88.232	29.042
-88.232	28.965
POLYLINE BLACK
-88.449	29.175
-88.442	29.161
-88.456	29.133
-88.470	29.056
POLYLINE BLACK
-88.708	29.469
-88.736	29.413
POLYLINE BLACK
-88.995	29.707
-88.946	29.707
POLYLINE BLACK
-88.400	28.916
-87.952	28.825
-87.910	28.839
-87.868	28.874
-87.868	28.895
-87.861	28.923
-87.861	28.937
-87.854	28.965
POLYLINE BLACK
-87.861	29.252
-87.798	29.042
-87.798	28.993
-87.805	28.979
POLYLINE BLACK
-88.918	29.518
-88.904	29.483
-88.883	29.455
-88.911	29.476
-88.953	29.553
-88.967	29.567
-88.981	29.616
-88.995	29.630
-88.995	29.644
-89.009	29.665
-89.009	29.679
-89.030	29.728
-89.037	29.777
-89.051	29.833
-89.051	29.987
-89.044	30.015
-89.044	30.029
-89.037	30.057
-89.037	30.078
-89.030	30.106
-89.016	30.120
-89.016	30.134
-88.988	30.155
-88.988	30.169
-88.974	30.176
-88.967	30.190
-88.953	30.190
-88.939	30.204
-88.925	30.204
-88.911	30.211
-88.883	30.204
-88.827	30.162
-88.806	30.120
-88.764	30.078
-88.757	30.057
-88.673	29.980
-88.526	29.812
-88.519	29.791
-88.400	29.672
-88.246	29.539
-88.099	29.448
-88.029	29.413
-87.938	29.343
-87.861	29.259
-87.826	29.203
-87.805	29.133
-87.805	29.098
POLYLINE BLACK
-88.365	28.839
-88.379	28.839
-88.393	28.846
-88.428	28.888
-88.442	28.895
-88.449	28.909
-88.470	28.923
-88.477	28.944
-88.505	28.986
-88.540	29.035
-88.589	29.091
-88.638	29.154
-88.666	29.175
-88.673	29.189
-88.687	29.196
-88.757	29.280
-88.771	29.287
-88.890	29.455
-88.890	29.469
POLYLINE BLACK
-88.939	30.407
-88.925	30.400
-88.925	30.372
-88.911	30.323
POLYLINE BLACK
-88.911	30.428
-88.897	30.407
POLYLINE BLACK
-89.093	30.456
-89.072	30.428
-89.072	30.414
POLYLINE BLACK
-89.226	30.484
-89.219	30.456
-89.212	30.393
-89.212	30.344
POLYLINE BLACK
-89.408	30.414
-89.338	30.344
-89.324	30.316
POLYLINE BLACK
-89.422	30.176
-89.394	30.176
-89.366	30.155
POLYLINE BLACK
-89.548	30.050
-89.534	30.050
-89.506	30.029
-89.492	30.029
POLYLINE BLACK
-89.604	30.015
-89.590	30.008
-89.555	30.050
-89.534	30.078
-89.527	30.099
-89.499	30.141
-89.471	30.162
-89.450	30.190
-89.436	30.225
-89.436	30.239
-89.422	30.288
-89.429	30.302
-89.422	30.330
-89.422	30.344
-89.408	30.386
-89.324	30.435
-89.247	30.463
-89.233	30.463
-89.219	30.470
-89.191	30.463
-89.177	30.463
-89.149	30.456
-89.121	30.456
-89.079	30.435
-89.051	30.435
-88.995	30.421
-88.981	30.428
-88.953	30.421
-88.939	30.421
-88.925	30.428
-88.904	30.421
-88.876	30.428
-88.841	30.428
-88.813	30.435
-88.799	30.435
-88.771	30.428
-88.757	30.435
-88.743	30.428
POLYLINE BLACK
-88.226	28.415
-88.166	28.280
-88.196	28.310
-88.241	28.415
-88.331	28.475
-88.361	28.475
-88.511	28.610
-88.616	28.775
-88.676	28.820
-88.751	28.940
-88.841	29.060
-88.916	29.180
-88.946	29.225
-89.006	29.270
-89.231	29.540
-89.261	29.555
-89.321	29.675
-89.351	29.705
-89.366	29.750
-89.426	29.840
-89.546	29.915
-89.636	30.005
-89.681	30.110
-89.681	30.140
-89.726	30.200
-89.726	30.245
-89.846	30.395
-89.936	30.440
POLYLINE BLACK
-87.551	29.285
-87.491	29.180
-87.551	29.165
-87.596	29.225
-87.716	29.330
-87.731	29.375
-87.776	29.405
-88.061	29.735
-88.151	29.795
-88.196	29.855
-88.466	30.080
-88.496	30.080
-88.526	30.110
-88.571	30.125
-88.706	30.320
-88.781	30.440
-88.781	30.470
-88.826	30.530
-88.871	30.635
-89.036	30.845
-89.066	30.860
-89.081	30.890
POLYLINE BLACK
-87.551	29.255
-87.491	29.120
-87.551	29.135
-87.581	29.165
POLYLINE BLACK
-80.455	34.752
-80.490	34.745
-80.546	34.745
-80.581	34.731
-80.651	34.724
-80.686	34.710
-80.700	34.710
-80.721	34.682
-80.763	34.654
-80.777	34.654
-80.784	34.640
-80.812	34.619
-80.812	34.598
-80.798	34.556
-80.756	34.514
-80.728	34.514
-80.672	34.500
-80.658	34.500
-80.644	34.493
-80.630	34.500
-80.616	34.493
-80.602	34.500
-80.588	34.493
-80.560	34.500
-80.532	34.493
-80.483	34.451
-80.469	34.451
-80.462	34.437
-80.434	34.416
-80.434	34.367
POLYLINE BLACK
-81.407	35.067
-81.393	35.067
-81.337	35.046
-81.316	35.032
-81.302	35.032
-81.274	35.039
-81.260	35.039
-81.246	35.032
-81.190	35.060
-81.176	35.060
-81.162	35.053
-81.134	35.060
-81.120	35.060
-81.106	35.067
-81.050	35.039
-81.029	35.011
-81.029	34.997
-81.001	34.948
-81.001	34.934
-80.987	34.906
-80.987	34.892
-80.959	34.871
-80.952	34.857
-80.910	34.829
-80.868	34.773
-80.840	34.731
-80.840	34.717
-80.868	34.661
-80.889	34.633
-80.931	34.605
-80.980	34.598
-81.008	34.605
-81.036	34.605
-81.071	34.612
-81.155	34.612
-81.183	34.598
-81.197	34.598
-81.218	34.570
-81.246	34.556
-81.309	34.556
-81.323	34.563
-81.365	34.542
-81.393	34.542
-81.400	34.521
-81.414	34.514
POLYLINE BLACK
-81.176	35.319
-81.155	35.242
-81.162	35.263
-81.162	35.312
-81.169	35.326
-81.176	35.312
-81.176	35.284
-81.169	35.235
-81.169	35.207
-81.162	35.193
POLYLINE BLACK
-81.176	35.291
-81.169	35.305
-81.169	35.291
-81.162	35.263
-81.162	35.207
-81.155	35.193
-81.155	35.102
-81.169	35.158
-81.169	35.235
-81.176	35.284
-81.183	35.312
-81.183	35.312
-81.176	35.249
-81.169	35.221
-81.169	35.207
-81.162	35.179
-81.162	35.151
-81.190	35.109
-81.197	35.102
-81.169	35.130
-81.183	35.123
-81.218	35.074
-81.218	35.088
-81.183	35.130
-81.162	35.179
-81.148	35.179
-81.078	35.095
-81.057	35.067
-81.057	35.081
-81.071	35.074
-81.134	35.151
-81.141	35.165
-81.085	35.088
-81.085	35.074
-81.113	35.137
-81.155	35.193
POLYLINE BLACK
-81.176	35.221
-81.218	35.200
-81.225	35.186
POLYLINE BLACK
-81.451	37.502
-81.371	37.442
-81.311	37.422
-81.271	37.442
-81.191	37.422
-80.951	37.422
-80.911	37.402
-80.831	37.422
-80.751	37.402
-80.691	37.262
-80.631	37.182
-80.611	37.022
-80.611	36.962
-80.551	36.782
-80.551	36.622
-80.531	36.542
-80.531	36.462
-80.491	36.342
-80.491	36.282
-80.471	36.202
-80.431	36.002
-80.411	35.842
-80.391	35.662
-80.371	35.422
-80.331	35.182
-80.331	35.062
-80.391	34.842
-80.431	34.642
-80.431	34.142
-80.491	33.562
-80.611	32.962
-80.791	32.402
-80.791	32.282
-80.771	32.202
-80.791	32.122
-80.751	31.822
-80.731	31.742
-80.731	31.482
-80.751	31.402
-80.791	31.242
-80.891	30.942
-80.891	30.562
-80.911	30.462
-80.911	30.342
-81.011	30.102
POLYLINE BLACK
-81.711	30.442
-81.631	30.202
-81.591	30.322
-81.611	30.742
-81.611	30.882
-81.631	30.922
-81.611	31.002
-81.611	31.162
-81.631	31.242
-81.631	31.322
-81.651	31.402
-81.651	31.482
-81.671	31.582
-81.671	31.822
-81.691	31.902
-81.671	32.002
-81.671	32.422
-81.651	32.502
-81.651	32.642
-81.631	32.722
-81.631	32.802
-81.611	32.882
-81.611	32.942
-81.591	33.022
-81.551	33.222
-81.551	33.282
-81.511	33.402
-81.511	33.502
-81.491	33.582
-81.491	33.702
-81.471	33.802
-81.471	34.622
-81.451	34.702
-81.451	34.862
-81.431	34.942
-81.431	35.322
-81.451	35.402
-81.471	35.562
-81.471	35.702
-81.451	35.782
-81.451	36.102
-81.431	36.182
-81.431	36.342
-81.411	36.422
-81.411	36.642
-81.391	36.722
-81.391	36.982
-81.371	37.062
-81.371	37.242
-81.351	37.322
-81.351	37.442
POLYLINE BLACK
-81.641	30.192
-81.611	30.102
-81.491	30.132
-81.371	30.132
-81.251	30.192
-81.131	30.162
-81.011	30.162
POLYLINE CONNECT
-81.161	35.262
-87.973	28.348
POLYLINE GREEN
-87.975	28.327
-87.966	28.315
-87.954	28.306
-87.948	28.291
-87.924	28.273
POLYLINE GREEN
-87.966	28.474
-87.957	28.462
-87.957	28.438
-87.960	28.423
-87.960	28.411
-87.963	28.405
-87.963	28.393
-87.966	28.387
-87.966	28.381
-87.969	28.375
-87.969	28.360
-87.972	28.354
-87.972	28.324
-87.975	28.318
-87.975	28.297
-88.005	28.267
-88.011	28.255
-88.017	28.252
POLYLINE BLACK
-83.766	25.375
-83.691	25.210
-83.721	25.210
-83.796	25.315
-83.826	25.330
-83.916	25.450
-83.946	25.465
-83.961	25.510
-84.081	25.615
-84.216	25.840
-84.336	25.990
-84.396	26.125
-84.516	26.275
-84.606	26.335
-84.756	26.440
-84.786	26.425
-84.846	26.485
-84.876	26.485
-85.011	26.635
-85.161	26.815
-85.191	26.890
-85.311	27.040
-85.401	27.160
-85.521	27.355
-85.596	27.445
-85.896	27.715
-85.911	27.745
-86.121	27.910
-86.166	27.970
-86.301	28.075
-86.316	28.105
-86.376	28.150
-86.436	28.225
-86.526	28.300
-86.556	28.375
-86.646	28.450
-86.706	28.480
-86.736	28.480
-86.766	28.510
-86.796	28.510
-86.856	28.645
-86.886	28.660
-86.901	28.705
-87.141	28.885
-87.261	28.975
-87.321	29.020
-87.351	29.020
-87.351	29.050
-87.381	29.050
-87.441	29.080
POLYLINE BLACK
-84.516	24.925
-84.501	24.895
-84.576	24.940
-84.591	24.970
-84.651	25.015
-84.741	25.135
-84.831	25.210
-84.966	25.390
-84.981	25.420
-85.041	25.465
-85.056	25.510
-85.206	25.690
-85.221	25.720
-85.341	25.795
-85.386	25.855
-85.446	25.900
-85.461	25.930
-85.626	26.050
-85.791	26.170
-86.061	26.335
-86.166	26.455
-86.256	26.530
-86.361	26.650
-86.391	26.665
-86.436	26.740
-86.556	26.830
-86.571	26.875
-86.841	27.100
-86.931	27.175
-87.036	27.295
-87.186	27.385
-87.231	27.400
-87.291	27.460
-87.321	27.460
-87.441	27.535
-87.456	27.580
-87.576	27.685
-87.621	27.745
-87.651	27.760
-87.741	27.880
-87.921	28.000
-87.951	28.000
-87.996	28.060
-88.026	28.075
-88.026	28.105
-88.056	28.105
-88.131	28.195
POLYLINE BLUE
-78.506	29.650
-78.486	29.610
-78.386	29.610
-78.346	29.590
-78.246	29.590
-78.066	29.630
-77.986	29.610
-77.886	29.630
-77.846	29.610
POLYLINE BLUE
-78.506	29.530
-78.406	29.550
-78.026	29.550
-77.906	29.590
-77.866	29.590
POLYLINE BLUE
-78.326	29.590
-78.286	29.530
-78.286	29.490
-78.246	29.530
-78.146	29.530
-77.946	29.650
-77.906	29.670
POLYLINE BLUE
-78.526	29.550
-78.526	29.510
-78.426	29.530
-78.386	29.570
-78.246	29.550
-78.126	29.750
-78.026	29.690
-77.986	29.630
POLYLINE BLACK
-78.746	29.530
-78.746	29.450
-78.706	29.450
-78.626	29.390
-78.466	29.350
-78.306	29.410
-78.226	29.410
-78.046	29.450
-77.966	29.470
-77.926	29.490
-77.886	29.470
-77.806	29.490
-77.726	29.490
-77.666	29.570
-77.666	29.610
POLYLINE BLACK
-77.286	32.930
-77.226	32.850
-77.186	32.730
-77.206	32.650
-77.226	32.490
-77.226	32.390
-77.246	32.310
-77.366	32.150
-77.466	32.050
-77.506	32.050
-77.546	31.970
-77.646	31.870
-77.706	31.750
-77.706	31.690
-77.746	31.570
-77.746	31.510
-77.766	31.430
-77.786	31.350
-77.886	31.150
-77.926	31.110
-77.926	31.070
-78.066	30.870
-78.126	30.690
-78.166	30.650
-78.186	30.550
-78.246	30.470
-78.266	30.390
-78.446	30.110
-78.606	29.870
-78.686	29.650
-78.706	29.570
POLYLINE BLACK
-77.206	32.910
-77.166	32.750
-77.186	32.670
-77.206	32.590
POLYLINE BLACK
-77.226	38.990
-77.066	38.850
-77.086	38.770
-77.206	38.470
-77.206	38.390
-77.166	38.270
-77.166	38.150
-77.206	38.010
-77.126	37.850
-77.126	37.750
-77.186	37.630
-77.186	37.470
-77.126	37.310
-77.126	37.230
-77.146	37.150
-77.146	37.090
-77.086	36.930
-77.086	36.770
-77.166	36.550
-77.166	36.450
-77.186	36.410
-77.146	36.290
-77.146	36.170
-77.166	36.090
-77.226	36.010
-77.226	35.850
-77.166	35.670
-77.166	35.590
-77.186	35.510
-77.186	35.430
-77.206	35.390
-77.186	35.310
-77.126	35.230
-77.126	35.070
-77.186	34.870
-77.186	34.730
-77.286	34.530
-77.286	34.250
-77.306	34.190
-77.286	34.150
-77.326	34.030
-77.266	33.750
-77.266	33.550
-77.226	33.370
-77.206	33.290
-77.226	33.210
-77.226	33.050
-77.206	32.950
-77.166	32.750
-77.166	32.670
POLYLINE BLACK
-76.986	38.790
-76.866	38.730
POLYLINE BLACK
-77.426	39.090
-77.326	39.010
POLYLINE BLACK
-77.166	38.910
-77.066	38.830
POLYLINE BLACK
-76.846	38.790
POLYLINE BLACK
-76.886	38.850
-76.846	38.830
POLYLINE BLACK
-76.606	38.770
-76.566	38.750
-76.646	38.770
-76.766	38.730
-76.846	38.730
POLYLINE BLACK
-76.546	38.730
POLYLINE BLACK
-76.406	32.750
-76.406	32.810
-76.286	33.250
-76.266	33.410
-76.246	33.490
-76.266	33.570
-76.266	33.690
-76.246	33.770
-76.246	33.930
-76.366	34.310
-76.386	34.470
-76.266	34.750
-76.226	34.870
-76.206	34.950
-76.306	35.170
-76.426	35.370
-76.526	35.590
-76.546	35.670
-76.426	35.870
-76.266	36.130
-76.266	36.290
-76.346	36.610
-76.346	36.690
-76.366	36.770
-76.366	36.830
-76.426	36.950
-76.426	37.030
-76.526	37.270
-76.526	37.310
-76.586	37.410
-76.606	37.570
-76.606	37.650
-76.546	37.810
-76.506	37.850
-76.506	37.890
-76.386	38.050
-76.346	38.190
-76.346	38.350
-76.506	38.690
-76.546	38.730
-76.546	38.770
-76.606	38.850
POLYLINE BLACK
-76.646	31.770
-76.606	31.670
-76.586	31.750
-76.506	31.970
-76.466	31.990
-76.406	32.130
-76.326	32.250
-76.286	32.530
-76.266	32.610
-76.266	32.730
POLYLINE BLACK
-77.666	29.810
-77.626	29.670
-77.586	29.870
-77.566	29.950
-77.406	30.250
-77.386	30.330
-77.366	30.410
-77.086	30.770
-77.066	30.850
-76.906	31.150
-76.766	31.310
-76.666	31.470
-76.666	31.510
-76.606	31.610
-76.546	31.730
POLYLINE CONNECT
-76.366	32.770
-83.717	25.151
POLYLINE BLACK
-85.496	25.550
-85.586	25.610
POLYLINE BLACK
-85.186	25.190
-85.256	25.260
-85.306	25.300
-85.316	25.330
POLYLINE BLACK
-84.986	24.970
-84.976	24.990
-85.036	25.060
POLYLINE BLACK
-85.826	24.910
-85.846	24.920
POLYLINE BLACK
-85.686	24.650
-85.696	24.630
-85.726	24.630
-85.746	24.660
POLYLINE BLACK
-85.566	24.360
-85.586	24.360
POLYLINE BLACK
-83.126	22.090
-83.166	22.120
-83.226	22.130
-83.436	22.270
-83.506	22.360
-83.616	22.430
-83.916	22.570
-83.986	22.620
-84.126	22.770
-84.246	22.940
-84.296	22.970
-84.386	23.030
-84.436	23.040
-84.506	23.100
-84.526	23.100
-84.736	23.240
-84.816	23.300
-84.906	23.370
-85.226	23.750
-85.296	23.820
-85.346	23.940
-85.406	24.040
-85.456	24.150
-85.476	24.170
POLYLINE BLACK
-83.056	22.100
-83.076	22.120
-83.116	22.130
-83.226	22.240
-83.256	22.280
-83.256	22.310
-83.396	22.630
-83.416	22.650
-83.426	22.690
-83.486	22.790
-83.536	22.880
-83.576	22.950
-83.586	22.990
-83.626	23.120
-83.646	23.220
-83.676	23.290
-83.776	23.420
-83.866	23.570
-83.896	23.610
-83.926	23.680
-83.926	23.710
-83.946	23.770
-83.946	23.880
-83.976	23.990
-84.126	24.310
-84.136	24.350
-84.176	24.440
-84.176	24.460
-84.206	24.500
-84.226	24.570
-84.296	24.670
-84.346	24.740
-84.456	24.850
-84.506	24.940
-84.506	24.960
-84.526	24.980
-84.526	25.000
POLYLINE BLACK
-82.296	23.010
-82.356	23.030
-82.556	23.230
-82.656	23.280
-82.806	23.390
-82.826	23.410
-82.866	23.420
-82.906	23.460
-82.946	23.470
-83.056	23.520
-83.106	23.560
-83.146	23.570
-83.276	23.630
-83.326	23.660
-83.416	23.720
-83.476	23.780
-83.576	23.850
-83.666	23.900
-83.756	24.010
-84.006	24.200
-84.046	24.210
-84.086	24.250
-84.136	24.260
-84.196	24.310
-84.276	24.360
-84.376	24.430
-84.516	24.500
-84.616	24.590
-84.676	24.650
-84.686	24.670
-84.706	24.670
-84.756	24.730
-84.776	24.730
-84.816	24.770
POLYLINE BLACK
-83.656	25.190
-83.636	25.180
-83.626	25.150
-83.446	25.000
-83.416	24.950
-83.256	24.750
-83.206	24.660
-83.156	24.600
-83.086	24.500
-83.076	24.460
-82.996	24.330
-82.906	24.240
-82.866	24.230
-82.676	24.030
-82.626	23.980
-82.546	23.920
-82.426	23.750
-82.416	23.710
-82.376	23.560
-82.366	23.470
-82.366	23.410
-82.376	23.370
-82.376	23.250
-82.386	23.220
-82.376	23.180
-82.376	23.100
-82.296	22.960
-82.256	22.920

ELEVATION
STATIONS
198.074	-41.786	9.0
200.702	-40.931	9.1
206.025	-40.433	9.2
208.819	-38.237	9.3
209.939	-38.166	9.4
210.821	-37.584	9.5
213.338	-37.359	9.6
216.294	-37.530	9.7
220.874	-40.088	9.8
222.213	-40.636	9.9
224.627	-47.891	9.10
226.923	-48.229	9.11
SHOTS
224.627	-47.891	226.923	-48.229
226.923	-48.229	226.448	-48.201
226.923	-48.229	227.361	-48.318
226.923	-48.229	226.859	-49.962
226.923	-48.229	226.872	-46.681
226.923	-48.229	224.624	-47.911
226.923	-48.229	224.614	-47.910
222.213	-40.636	224.627	-47.891
224.627	-47.891	222.482	-48.233
224.627	-47.891	224.338	-49.802
224.627	-47.891	222.291	-47.787
224.627	-47.891	222.243	-40.608
220.874	-40.088	222.213	-40.636
222.213	-40.636	222.113	-43.317
222.213	-40.636	221.907	-41.054
222.213	-40.636	223.301	-36.464
222.213	-40.636	222.307	-40.656
222.213	-40.636	223.570	-40.741
222.213	-40.636	222.113	-40.640
222.213	-40.636	220.917	-40.038
216.294	-37.530	220.874	-40.088
220.874	-40.088	221.577	-40.491
220.874	-40.088	221.939	-41.228
220.874	-40.088	219.568	-40.011
220.874	-40.088	219.814	-39.263
220.874	-40.088	219.692	-39.212
220.874	-40.088	220.821	-38.350
220.874	-40.088	220.469	-41.177
220.874	-40.088	221.101	-40.178
220.874	-40.088	220.249	-40.136
220.874	-40.088	216.278	-37.582
213.338	-37.359	216.294	-37.530
216.294	-37.530	216.265	-39.170
216.294	-37.530	216.481	-35.872
216.294	-37.530	216.109	-37.511
216.294	-37.530	213.361	-37.358
210.821	-37.584	213.338	-37.359
213.338	-37.359	213.091	-35.955
213.338	-37.359	213.168	-38.482
213.338	-37.359	213.245	-37.363
213.338	-37.359	210.827	-37.599
209.939	-38.166	210.821	-37.584
210.821	-37.584	210.559	-35.987
210.821	-37.584	210.714	-38.729
210.821	-37.584	210.405	-37.613
210.821	-37.584	209.944	-38.162
208.819	-38.237	209.939	-38.166
209.939	-38.166	209.888	-38.798
209.939	-38.166	209.720	-35.984
209.939	-38.166	209.457	-38.201
209.939	-38.166	208.843	-38.252
206.025	-40.433	208.819	-38.237
208.819	-38.237	206.707	-45.374
208.819	-38.237	208.050	-41.469
208.819	-38.237	208.843	-38.916
208.819	-38.237	208.503	-35.915
208.819	-38.237	208.637	-38.189
208.819	-38.237	208.864	-38.220
208.819	-38.237	206.048	-40.422
200.702	-40.931	206.025	-40.433
206.025	-40.433	205.783	-38.304
206.025	-40.433	206.778	-45.563
206.025	-40.433	205.929	-40.982
206.025	-40.433	206.080	-40.402
206.025	-40.433	206.020	-40.593
206.025	-40.433	200.706	-40.931
198.074	-41.786	200.702	-40.931
200.702	-40.931	201.198	-35.017
200.702	-40.931	200.657	-44.223
200.702	-40.931	200.640	-41.058
200.702	-40.931	198.071	-41.823
198.074	-41.786	198.074	-41.786
198.074	-41.786	198.074	-40.783
198.074	-41.786	198.074	-43.240
198.074	-41.786	198.074	-41.813
POLYLINE BLACK
226.624	-46.296
226.624	-46.336
226.424	-46.176
226.344	-46.116
POLYLINE BLACK
226.624	-46.416
226.624	-46.576
226.644	-46.676
226.644	-46.796
226.664	-46.876
226.664	-46.996
226.684	-47.096
226.684	-47.176
226.704	-47.256
226.724	-47.436
226.724	-47.596
226.744	-47.656
226.724	-47.696
226.784	-47.896
226.784	-47.956
226.824	-48.076
226.864	-48.116
226.944	-48.116
227.024	-48.096
227.104	-47.996
227.104	-47.936
227.124	-47.856
227.144	-47.696
227.144	-47.616
227.184	-47.456
227.184	-47.376
227.204	-47.276
227.204	-47.056
227.224	-46.976
227.224	-46.776
227.264	-46.656
227.384	-46.616
POLYLINE BLACK
227.494	-49.876
227.374	-49.846
227.254	-49.846
227.194	-49.816
227.074	-49.846
226.954	-49.816
226.894	-49.846
226.624	-49.756
226.504	-49.756
226.324	-49.696
226.204	-49.726
226.084	-49.726
225.994	-49.696
225.934	-49.726
225.814	-49.696
225.754	-49.726
225.574	-49.636
225.394	-49.696
225.274	-49.666
224.914	-49.726
224.794	-49.696
224.734	-49.726
POLYLINE BLACK
224.944	-44.596
224.974	-44.656
224.854	-44.626
224.704	-44.566
224.434	-44.296
224.284	-44.146
224.194	-43.936
224.104	-43.786
223.984	-43.546
223.984	-43.456
223.834	-43.216
223.834	-43.126
223.684	-42.796
223.624	-42.466
223.564	-42.226
223.534	-42.106
223.534	-41.986
223.624	-41.686
223.684	-41.446
POLYLINE BLACK
226.474	-46.066
226.474	-46.186
226.414	-46.216
226.354	-46.156
226.294	-46.186
226.084	-45.976
225.874	-45.616
225.724	-45.466
225.544	-45.286
225.514	-45.196
225.334	-45.076
225.214	-44.956
225.154	-44.926
225.124	-44.836
225.064	-44.836
224.914	-44.686
POLYLINE BLACK
227.524	-46.666
227.464	-46.666
227.404	-46.726
227.344	-46.666
227.224	-46.666
226.864	-46.546
226.684	-46.456
226.624	-46.456
226.504	-46.336
226.444	-46.336
226.414	-46.276
POLYLINE BLACK
222.424	-49.516
222.424	-49.576
222.364	-49.576
POLYLINE BLACK
222.154	-49.786
222.184	-49.846
222.304	-49.846
222.424	-49.756
222.544	-49.756
222.664	-49.726
222.784	-49.696
222.904	-49.726
223.084	-49.696
223.204	-49.726
223.324	-49.696
223.564	-49.756
223.864	-49.816
224.044	-49.756
224.164	-49.786
224.284	-49.756
224.344	-49.786
224.404	-49.726
224.464	-49.756
224.584	-49.726
224.764	-49.726
224.884	-49.756
POLYLINE BLACK
222.034	-49.846
222.214	-49.756
222.274	-49.756
POLYLINE BLACK
220.864	-49.846
220.984	-49.876
221.164	-49.876
POLYLINE BLACK
219.844	-49.846
219.994	-49.846
POLYLINE BLACK
220.024	-49.276
219.634	-49.276
219.514	-49.306
POLYLINE BLACK
221.074	-49.186
221.014	-49.156
220.744	-49.216
220.684	-49.186
220.624	-49.246
POLYLINE BLACK
220.024	-49.456
POLYLINE BLACK
220.864	-49.276
POLYLINE BLACK
222.274	-48.886
222.274	-48.946
222.094	-49.096
221.914	-49.186
221.734	-49.186
221.614	-49.216
221.494	-49.246
POLYLINE BLACK
222.184	-43.546
222.304	-43.906
222.304	-44.266
222.274	-44.386
222.304	-44.506
222.304	-46.366
222.274	-46.486
222.274	-47.386
222.304	-47.506
222.304	-47.626
222.364	-47.866
222.364	-48.226
222.394	-48.346
222.394	-48.436
222.184	-48.976
222.154	-49.036
POLYLINE BLACK
219.904	-40.676
220.224	-41.096
220.304	-41.276
220.324	-41.356
220.504	-41.736
220.704	-41.876
220.864	-41.976
220.944	-41.996
221.104	-42.116
221.104	-42.156
221.424	-42.496
221.484	-42.576
221.504	-42.656
221.624	-42.856
221.644	-42.936
221.684	-42.996
221.704	-43.076
221.784	-43.236
221.904	-43.276
POLYLINE BLACK
221.424	-41.976
POLYLINE BLACK
221.644	-42.036
POLYLINE BLACK
221.264	-42.176
POLYLINE BLACK
226.024	-36.896
POLYLINE BLACK
222.044	-43.236
222.264	-43.456
222.344	-43.576
222.344	-43.696
222.364	-43.776
222.364	-43.916
222.384	-43.996
POLYLINE BLACK
221.824	-43.296
221.884	-43.356
222.004	-43.316
222.064	-43.316
222.104	-43.336
222.184	-43.316
222.224	-43.336
POLYLINE BLACK
221.244	-41.036
221.244	-41.176
221.224	-41.296
221.244	-41.376
221.264	-41.456
221.324	-41.556
221.524	-41.676
221.644	-41.676
221.944	-41.756
222.164	-42.016
POLYLINE BLACK
219.644	-40.276
219.684	-40.396
219.704	-40.476
219.764	-40.556
219.844	-40.696
219.964	-40.796
220.084	-40.876
220.164	-40.896
220.464	-40.996
220.664	-40.996
220.784	-41.036
220.904	-40.996
220.984	-41.016
221.064	-40.996
221.184	-41.036
221.304	-40.996
221.364	-40.996
221.444	-40.976
221.564	-40.976
221.644	-40.996
POLYLINE BLACK
226.764	-37.216
226.944	-37.196
POLYLINE BLACK
226.224	-37.296
226.264	-37.256
226.304	-37.276
226.384	-37.256
POLYLINE BLACK
225.664	-37.336
225.704	-37.376
225.784	-37.356
225.864	-37.356
225.904	-37.336
POLYLINE BLACK
226.484	-36.256
226.564	-36.296
226.644	-36.256
POLYLINE BLACK
225.964	-36.336
226.084	-36.336
226.164	-36.316
POLYLINE BLACK
223.224	-36.376
223.324	-36.496
223.364	-36.476
223.444	-36.496
223.524	-36.496
223.584	-36.476
223.664	-36.496
223.704	-36.496
223.744	-36.456
223.884	-36.456
223.924	-36.476
224.064	-36.436
224.224	-36.416
224.484	-36.376
224.684	-36.376
224.764	-36.356
224.844	-36.376
224.884	-36.356
225.024	-36.376
225.104	-36.356
225.184	-36.376
225.444	-36.376
225.524	-36.356
225.604	-36.376
225.724	-36.336
225.764	-36.356
POLYLINE BLACK
223.564	-41.836
223.544	-41.196
223.564	-41.116
223.564	-40.936
223.584	-40.836
223.604	-40.676
223.624	-40.496
223.824	-39.936
223.944	-39.616
223.944	-39.556
224.024	-39.396
224.044	-39.216
224.124	-38.996
224.144	-38.916
224.244	-38.656
224.244	-38.596
224.424	-38.216
224.724	-37.896
224.804	-37.776
224.984	-37.636
225.104	-37.596
225.144	-37.556
225.204	-37.556
225.284	-37.496
225.324	-37.496
225.364	-37.456
225.404	-37.456
POLYLINE BLACK
215.384	-32.276
POLYLINE BLACK
219.644	-37.276
219.704	-37.456
219.724	-37.536
219.804	-37.676
220.224	-37.916
220.404	-37.976
220.524	-38.036
220.684	-38.196
220.724	-38.216
POLYLINE BLACK
219.704	-37.491
219.674	-37.431
219.659	-37.296
219.659	-37.266
219.734	-37.071
219.884	-36.936
219.989	-36.906
220.049	-36.861
220.109	-36.861
220.169	-36.846
220.214	-36.846
220.274	-36.831
220.394	-36.831
220.469	-36.816
220.559	-36.816
220.589	-36.801
220.619	-36.816
220.649	-36.801
220.754	-36.801
220.859	-36.831
220.889	-36.816
220.979	-36.861
221.039	-36.861
221.069	-36.891
221.099	-36.891
221.219	-36.981
221.324	-37.116
221.354	-37.176
221.354	-37.221
POLYLINE BLACK
220.709	-38.076
220.769	-38.271
220.814	-38.271
220.874	-38.286
220.994	-38.286
221.054	-38.271
221.069	-38.241
221.099	-38.226
221.159	-38.106
221.189	-37.941
221.204	-37.911
221.204	-37.836
221.219	-37.776
221.219	-37.716
221.249	-37.611
221.249	-37.551
221.264	-37.491
221.264	-37.446
221.279	-37.386
221.279	-37.311
221.294	-37.251
221.294	-37.221
221.309	-37.161
221.309	-37.131
POLYLINE BLACK
221.609	-41.151
221.624	-41.181
221.684	-41.196
221.804	-41.121
221.834	-41.091
221.864	-41.106
221.894	-41.091
221.984	-41.151
222.029	-41.241
222.029	-41.271
222.044	-41.331
222.044	-41.361
222.059	-41.421
222.059	-41.481
222.074	-41.541
222.074	-41.616
222.089	-41.676
222.089	-41.751
222.104	-41.811
222.104	-41.901
222.119	-41.961
222.119	-42.006
222.149	-42.126
222.149	-42.171
222.164	-42.231
222.179	-42.381
222.194	-42.411
222.194	-42.486
222.209	-42.561
POLYLINE BLACK
221.669	-40.956
221.729	-41.091
221.774	-41.151
221.834	-41.121
221.864	-41.136
221.894	-41.106
POLYLINE BLACK
219.554	-39.801
219.554	-39.891
219.569	-39.921
219.569	-39.966
219.629	-40.191
219.659	-40.221
219.659	-40.251
219.674	-40.281
POLYLINE BLACK
216.284	-39.261
216.374	-39.261
216.449	-39.291
216.659	-39.291
216.884	-39.246
216.959	-39.246
217.124	-39.201
217.199	-39.201
217.499	-39.141
217.679	-39.171
217.859	-39.171
217.964	-39.156
218.039	-39.156
218.069	-39.141
218.234	-39.171
218.549	-39.171
218.684	-39.201
218.834	-39.201
218.894	-39.216
218.954	-39.216
218.984	-39.231
219.044	-39.216
219.359	-39.216
219.449	-39.246
219.509	-39.306
219.509	-39.336
219.584	-39.501
219.584	-39.621
219.554	-39.711
219.554	-39.756
219.539	-39.786
219.539	-39.861
219.524	-39.921
POLYLINE BLACK
220.724	-38.271
220.784	-38.286
220.844	-38.286
220.874	-38.271
220.919	-38.331
POLYLINE BLACK
216.449	-35.871
216.569	-35.916
216.614	-35.916
216.644	-35.931
216.704	-35.916
216.809	-35.946
216.914	-35.946
216.974	-35.976
217.139	-35.976
217.169	-35.961
217.229	-35.976
217.514	-35.976
217.544	-35.991
217.604	-35.976
217.649	-35.976
217.709	-35.991
217.784	-35.991
217.859	-35.976
217.994	-35.976
218.024	-35.991
218.054	-35.976
218.099	-35.976
218.159	-35.961
218.264	-35.961
218.294	-35.976
218.369	-35.961
218.429	-35.961
218.504	-35.976
218.594	-35.976
218.654	-35.991
218.684	-35.991
218.744	-35.961
218.804	-35.976
218.864	-35.976
218.924	-36.006
218.954	-35.991
POLYLINE BLACK
213.089	-38.331
213.119	-38.466
213.179	-38.511
213.209	-38.496
213.269	-38.511
213.329	-38.496
213.359	-38.511
213.389	-38.496
213.479	-38.556
213.524	-38.646
213.524	-38.676
213.614	-38.796
213.644	-38.901
213.704	-39.021
213.704	-39.051
213.779	-39.156
213.809	-39.156
213.839	-39.186
213.899	-39.186
213.959	-39.201
214.184	-39.201
214.229	-39.216
214.319	-39.186
214.364	-39.186
214.424	-39.201
214.454	-39.186
214.514	-39.201
214.544	-39.186
214.604	-39.201
214.649	-39.201
214.679	-39.216
214.739	-39.201
214.814	-39.216
214.904	-39.216
214.934	-39.201
214.994	-39.216
215.129	-39.216
215.189	-39.231
215.219	-39.216
215.399	-39.216
215.429	-39.201
215.489	-39.216
215.519	-39.216
215.549	-39.231
215.609	-39.201
215.669	-39.231
215.699	-39.231
215.729	-39.216
215.789	-39.231
215.894	-39.231
215.924	-39.201
215.999	-39.231
216.089	-39.201
216.164	-39.216
216.224	-39.216
216.254	-39.201
216.284	-39.216
216.314	-39.201
POLYLINE BLACK
213.044	-35.946
213.089	-36.006
213.164	-36.006
213.224	-35.961
213.284	-35.976
213.389	-35.976
213.449	-35.961
213.539	-35.961
213.629	-35.991
213.659	-35.976
213.764	-35.976
213.794	-35.961
213.824	-35.976
213.854	-35.961
213.959	-35.961
214.019	-35.931
214.154	-35.931
214.229	-35.916
214.364	-35.901
214.829	-35.901
214.859	-35.916
214.919	-35.901
214.949	-35.916
214.994	-35.916
215.054	-35.901
215.114	-35.916
215.354	-35.916
215.384	-35.901
215.429	-35.901
215.489	-35.916
215.519	-35.916
215.579	-35.901
215.729	-35.886
215.759	-35.871
215.819	-35.886
215.849	-35.871
215.954	-35.871
215.984	-35.856
216.014	-35.871
216.074	-35.856
216.134	-35.871
216.164	-35.871
216.194	-35.856
216.254	-35.886
216.314	-35.871
216.359	-35.901
216.419	-35.886
216.449	-35.886
216.509	-35.901
POLYLINE BLACK
210.794	-38.661
210.794	-38.691
210.824	-38.706
210.854	-38.691
210.884	-38.706
210.914	-38.691
210.974	-38.706
211.109	-38.661
211.169	-38.691
211.199	-38.661
211.259	-38.676
211.319	-38.676
211.349	-38.661
211.409	-38.676
211.469	-38.661
211.529	-38.676
211.589	-38.676
211.619	-38.661
211.694	-38.661
211.754	-38.631
211.859	-38.631
211.964	-38.601
212.024	-38.601
212.084	-38.586
212.114	-38.586
212.174	-38.571
212.204	-38.571
212.234	-38.556
212.264	-38.571
212.324	-38.556
212.354	-38.556
212.414	-38.526
212.444	-38.526
212.504	-38.541
212.564	-38.526
212.624	-38.526
212.684	-38.511
212.744	-38.511
212.804	-38.496
212.984	-38.496
213.014	-38.481
213.119	-38.481
213.179	-38.451
213.239	-38.466
POLYLINE BLACK
210.494	-35.811
210.584	-35.946
210.704	-35.946
210.734	-35.961
210.764	-35.946
210.884	-35.976
210.944	-36.021
211.244	-36.021
211.304	-36.036
211.409	-36.036
211.439	-36.051
211.484	-36.051
211.604	-36.021
211.634	-36.021
211.664	-36.006
211.829	-36.006
211.889	-36.021
211.979	-36.021
212.039	-36.051
212.099	-36.051
212.129	-36.036
212.294	-36.081
212.369	-36.066
212.429	-36.081
212.519	-36.081
212.549	-36.096
212.579	-36.081
212.609	-36.096
212.669	-36.081
212.699	-36.081
212.849	-36.036
212.894	-36.036
212.954	-36.021
212.984	-36.021
213.104	-35.991
POLYLINE BLACK
207.059	-35.061
206.954	-35.061
POLYLINE BLACK
210.074	-38.631
210.119	-38.691
210.119	-38.721
210.164	-38.736
210.194	-38.721
210.254	-38.736
210.314	-38.736
210.404	-38.706
POLYLINE BLACK
209.819	-38.226
210.104	-38.676
210.344	-38.676
210.374	-38.691
210.509	-38.691
210.569	-38.721
210.629	-38.706
210.659	-38.706
210.689	-38.721
210.719	-38.706
210.749	-38.721
210.809	-38.691
210.869	-38.691
210.899	-38.676
POLYLINE BLACK
209.849	-35.976
209.864	-36.006
209.984	-36.006
210.044	-36.021
210.104	-36.021
210.164	-36.006
210.194	-36.006
210.254	-35.991
210.389	-35.976
210.509	-36.006
210.599	-36.006
210.659	-35.991
210.689	-36.006
210.719	-35.991
POLYLINE BLACK
209.309	-38.676
209.369	-38.781
209.399	-38.796
209.519	-38.766
209.549	-38.766
209.579	-38.751
209.609	-38.781
209.639	-38.781
209.669	-38.766
209.729	-38.781
209.819	-38.781
209.879	-38.751
209.909	-38.751
209.939	-38.766
209.999	-38.751
210.119	-38.751
210.149	-38.766
POLYLINE BLACK
208.964	-35.916
209.024	-35.961
208.994	-35.946
208.949	-35.946
208.889	-35.916
208.919	-35.946
209.024	-35.976
209.084	-35.976
209.114	-35.991
209.174	-35.976
209.234	-35.976
209.294	-35.961
209.504	-35.961
209.564	-35.976
209.594	-35.976
209.624	-35.961
209.774	-36.051
209.864	-36.051
POLYLINE BLACK
208.634	-38.046
POLYLINE BLACK
211.454	-42.426
211.514	-42.456
211.574	-42.426
211.634	-42.456
211.724	-42.426
POLYLINE BLACK
210.734	-42.456
210.794	-42.486
210.854	-42.456
POLYLINE BLACK
209.954	-42.306
210.074	-42.366
POLYLINE BLACK
211.004	-45.666
211.124	-45.666
211.184	-45.696
POLYLINE BLACK
210.374	-45.576
210.434	-45.606
POLYLINE BLACK
209.354	-45.576
209.474	-45.546
209.534	-45.576
POLYLINE BLACK
207.794	-41.046
207.824	-41.106
207.794	-41.226
207.794	-41.346
207.974	-41.766
208.304	-42.156
208.394	-42.246
208.514	-42.246
208.574	-42.306
208.694	-42.276
208.934	-42.336
209.054	-42.366
209.294	-42.426
209.504	-42.426
POLYLINE BLACK
208.844	-38.766
208.844	-38.826
209.024	-38.766
209.144	-38.766
209.264	-38.796
209.384	-38.766
209.444	-38.796
POLYLINE BLACK
207.824	-41.286
208.064	-41.226
208.214	-40.986
208.244	-40.866
208.394	-40.446
208.454	-40.116
208.484	-39.876
208.484	-39.756
208.514	-39.636
208.514	-39.516
208.664	-39.066
208.844	-38.826
208.904	-38.826
POLYLINE BLACK
208.034	-41.346
208.034	-41.406
207.914	-41.376
207.794	-41.346
207.674	-41.316
207.554	-41.286
207.494	-41.286
POLYLINE BLACK
207.434	-38.256
207.464	-38.316
207.524	-38.316
207.554	-38.196
207.614	-37.956
207.674	-37.536
207.704	-37.386
207.734	-37.116
207.734	-36.996
207.794	-36.756
207.824	-36.486
207.854	-36.366
207.914	-36.126
208.064	-35.886
208.124	-35.886
208.184	-35.796
208.544	-35.886
208.634	-35.976
208.754	-35.916
208.874	-35.946
208.994	-35.946
POLYLINE BLACK
207.584	-38.046
207.734	-38.226
207.824	-38.106
207.854	-37.836
207.854	-37.716
207.824	-37.656
207.824	-37.296
207.794	-37.176
207.794	-36.906
207.824	-36.786
207.824	-36.636
207.854	-36.516
207.854	-36.456
POLYLINE BLACK
206.024	-38.166
206.144	-38.346
206.294	-38.316
206.474	-38.376
206.654	-38.406
206.774	-38.376
207.014	-38.376
207.134	-38.406
207.314	-38.376
207.524	-38.406
207.884	-38.406
207.944	-38.376
POLYLINE BLACK
206.564	-44.766
206.714	-45.216
206.834	-45.216
206.894	-45.186
206.954	-45.246
207.074	-45.246
207.254	-45.336
207.404	-45.336
207.524	-45.366
207.794	-45.396
207.914	-45.426
208.004	-45.426
208.064	-45.456
208.244	-45.366
208.514	-45.426
208.664	-45.426
208.874	-45.516
POLYLINE BLACK
205.999	-40.447
205.999	-40.482
206.006	-40.545
206.006	-40.580
206.013	-40.608
206.013	-40.608
206.027	-40.510
206.027	-40.475
206.013	-40.447
206.006	-40.475
205.999	-40.510
206.020	-40.594
206.027	-40.622
206.013	-40.664
205.985	-40.699
205.964	-40.713
205.957	-40.734
205.943	-40.748
205.936	-40.769
205.915	-40.797
205.999	-40.685
205.999	-40.685
205.901	-40.797
205.894	-40.825
205.908	-40.790
205.950	-40.741
205.985	-40.685
205.999	-40.678
206.006	-40.664
206.020	-40.664
206.055	-40.692
206.069	-40.713
206.153	-40.755
206.167	-40.755
206.153	-40.741
206.132	-40.734
206.034	-40.664
205.999	-40.664
206.041	-40.713
206.104	-40.776
POLYLINE BLACK
206.020	-40.664
206.020	-40.678
205.992	-40.699
205.971	-40.706
205.964	-40.727
205.943	-40.741
205.922	-40.776
205.985	-40.706
205.992	-40.692
205.950	-40.727
205.936	-40.748
205.915	-40.762
205.887	-40.804
205.880	-40.825
205.901	-40.797
205.936	-40.776
205.971	-40.727
206.020	-40.671
206.041	-40.685
206.111	-40.762
206.132	-40.769
206.160	-40.790
206.104	-40.720
206.069	-40.699
206.055	-40.678
206.041	-40.678
206.055	-40.713
206.076	-40.741
206.090	-40.748
POLYLINE BLACK
206.020	-40.461
206.027	-40.475
206.013	-40.517
206.013	-40.566
206.006	-40.580
206.006	-40.615
206.020	-40.643
206.020	-40.657
206.027	-40.643
206.034	-40.573
206.034	-40.489
206.027	-40.475
206.027	-40.608
206.020	-40.622
206.027	-40.650
POLYLINE BLACK
205.554	-37.846
205.704	-38.086
205.734	-38.206
205.794	-38.266
205.794	-38.326
205.914	-38.416
206.034	-38.416
206.094	-38.476
206.214	-38.416
206.334	-38.446
206.454	-38.416
206.574	-38.476
POLYLINE BLACK
202.374	-34.936
202.404	-34.996
202.494	-34.996
202.854	-35.116
203.214	-35.236
203.334	-35.266
203.634	-35.416
203.754	-35.386
203.964	-35.446
204.024	-35.446
204.084	-35.506
204.264	-35.506
204.384	-35.536
204.624	-35.566
204.984	-35.656
205.194	-35.866
205.284	-36.046
205.284	-36.166
205.464	-36.676
205.494	-36.916
205.494	-37.126
205.524	-37.246
205.524	-37.366
205.554	-37.516
205.584	-37.786
205.614	-37.906
205.614	-38.026
205.644	-38.146
205.644	-38.266
205.704	-38.296
POLYLINE BLACK
205.734	-40.876
205.674	-40.846
205.554	-40.936
205.554	-41.056
205.704	-41.296
205.944	-41.416
206.004	-41.386
206.124	-41.416
206.184	-41.356
206.304	-41.386
206.484	-41.326
206.604	-41.356
206.904	-41.236
206.964	-41.176
206.934	-41.056
206.814	-40.876
206.604	-40.726
POLYLINE BLACK
205.584	-40.846
205.764	-40.906
206.004	-40.846
206.184	-40.756
206.304	-40.786
206.424	-40.756
206.484	-40.816
206.574	-40.816
POLYLINE BLACK
200.934	-44.386
201.114	-44.296
201.234	-44.296
201.354	-44.326
201.474	-44.326
201.714	-44.386
201.804	-44.386
201.924	-44.416
202.314	-44.506
202.434	-44.536
202.554	-44.536
202.794	-44.626
203.064	-44.626
203.184	-44.656
203.334	-44.686
203.454	-44.716
203.574	-44.716
203.694	-44.746
203.814	-44.776
204.294	-44.866
204.444	-44.866
204.564	-44.896
204.804	-44.896
205.074	-44.956
205.194	-44.986
205.524	-45.076
205.674	-45.106
205.854	-45.076
205.974	-45.106
206.214	-45.136
206.544	-45.136
206.724	-45.196
POLYLINE BLACK
201.774	-34.936
201.774	-34.996
202.164	-35.086
202.224	-35.026
202.464	-35.116
202.524	-35.086
POLYLINE BLACK
204.234	-30.376
POLYLINE BLACK
201.414	-33.736
POLYLINE BLACK
201.264	-33.256
POLYLINE BLACK
202.854	-36.046
POLYLINE BLACK
200.814	-34.846
200.964	-34.996
201.024	-34.966
201.144	-34.996
201.204	-34.996
201.264	-35.056
201.324	-35.026
201.504	-35.086
201.624	-35.056
201.744	-35.116
201.804	-35.086
201.924	-35.146
POLYLINE BLUE
198.744	-43.246
198.714	-43.306
198.774	-43.306
198.924	-43.456
198.864	-43.516
198.744	-43.546
198.564	-43.666
198.504	-43.666
POLYLINE BLUE
198.324	-43.156
198.324	-43.216
198.384	-43.246
198.504	-43.216
198.684	-43.366
198.684	-43.426
198.864	-43.576
POLYLINE BLACK
199.374	-43.126
199.404	-43.246
199.314	-43.396
199.104	-43.516
199.044	-43.516
199.014	-43.576
199.284	-43.666
199.404	-43.666
199.464	-43.636
199.554	-43.666
199.674	-43.636
199.704	-43.576
199.674	-43.486
199.404	-43.336
199.134	-43.156
POLYLINE BLACK
200.274	-43.456
199.914	-43.876
200.124	-43.966
200.244	-43.996
200.514	-44.026
200.574	-44.026
200.574	-43.876
200.454	-43.696
200.184	-43.426
POLYLINE BLACK
197.664	-43.216
197.784	-43.216
197.844	-43.186
197.904	-43.246
197.964	-43.246
198.114	-43.396
198.444	-43.546
198.564	-43.576
198.684	-43.666
198.774	-43.666
199.104	-43.786
199.224	-43.786
199.284	-43.846
199.524	-43.906
199.884	-44.116
200.034	-44.266
200.244	-44.326
200.304	-44.386
200.364	-44.356
200.544	-44.416
200.724	-44.386
200.784	-44.416
POLYLINE BLACK
200.994	-34.966
POLYLINE BLACK
198.354	-35.356
198.444	-35.236
198.474	-35.116
198.534	-34.996
198.594	-34.996
198.654	-34.936
198.774	-34.906
198.894	-34.876
199.134	-34.876
199.194	-34.846
199.314	-34.876
199.494	-34.876
199.614	-34.906
199.914	-34.906
199.974	-34.966
200.394	-35.026
200.634	-35.026
200.754	-35.056
200.874	-35.026
201.054	-34.996
POLYLINE BLACK
197.544	-35.026
197.664	-35.296
197.634	-35.566
197.724	-35.836
197.724	-35.896
197.904	-35.986
198.024	-35.956
198.174	-35.776
198.234	-35.656
198.234	-35.566
198.354	-35.326
198.354	-35.086
198.474	-34.906
POLYLINE BLACK
197.784	-40.216
197.994	-40.696
198.174	-40.786
198.324	-40.606
198.414	-40.426
198.444	-40.186
198.444	-39.736
198.414	-39.616
198.384	-39.496
198.324	-39.436
198.204	-39.406
198.024	-39.346
197.904	-39.406
197.814	-39.676
197.844	-39.796
197.844	-39.916
197.874	-40.036
197.874	-40.156
197.904	-40.246
197.874	-40.306
