Swil20130629_WaterChamberToCornerWithFolderStrata   (m, 360)

[1]: 2013/06/29     0.00  "Badger, Paul Dold, Footleg, Ben Kent, Josh  White ."


     6.11        8.0       0.000    0.00    0.00  [1]    
     8.0                   5.352   17.95   22.62  [1]    
     8.0                   4.129   22.58  -15.64  [1]    
     8.0                   8.416  335.52    5.44  [1]    
     8.0                   8.886  333.03    6.81  [1]    
     8.0                   5.299  346.43    8.54  [1]    
     8.0                   5.133  294.43   17.44  [1]    
     8.0                   7.661  281.52    0.94  [1]    
     8.0                   6.922  262.96    5.04  [1]    
     8.0                   6.864  253.61    5.31  [1]    
     8.0                   5.229  247.20    7.41  [1]    
     8.0                   3.508  202.89   21.45  [1]    
     8.0                   5.062  195.97   22.67  [1]    
     8.0                   6.281  160.68   22.30  [1]    
     8.0                   8.673  132.59   16.67  [1]    
     8.0                   6.277  121.89   11.57  [1]    
     8.0                   3.274  114.10   12.54  [1]    
     8.0         8.1       5.773  334.25  -11.84  [1]    
     8.0         8.1       5.774  334.26  -11.90  [1]    
     8.0         8.1       5.773  334.32  -11.90  [1]    
     8.1                   5.756  154.47   11.49  [1]    
     8.1                   1.983  166.16  -38.83  [1]    
     8.1                   3.750  244.92   84.64  [1]    
     8.1                   1.815  180.79  -73.82  [1]    
     8.1         8.2       4.334  195.61  -26.48  [1]    
     8.1         8.2       4.339  195.43  -26.74  [1]    
     8.1         8.2       4.329  195.53  -26.63  [1]    
     8.2                   4.322   13.06   26.42  [1]    
     8.2                   0.757  316.99   -3.19  [1]    
     8.2                   0.275  114.54    1.61  [1]    
     8.2                   1.025  123.59  -85.18  [1]    
     8.2                   0.695    2.62   84.20  [1]    
     8.2                   4.922  233.56   80.23  [1]    
     8.2         8.3       6.366  270.35  -36.15  [1]    
     8.2         8.3       6.340  270.43  -36.05  [1]    
     8.2         8.3       6.361  270.40  -36.03  [1]    
     8.3                   6.382   90.74   35.86  [1]    
     8.3                   7.222  164.95   87.99  [1]    
     8.3                   1.502  350.89  -85.48  [1]    
     8.3                   0.605   17.37   -5.81  [1]    
     8.3                   4.374   94.08   26.89  [1]    
     8.3                   2.042   96.97    2.01  [1]    
     8.3         8.4       1.542  305.02  -17.83  [1]    "8.4=testicle tie in to 40 route survey"
     8.3         8.4       1.543  305.03  -17.89  [1]    
     8.3         8.4       1.541  305.07  -17.77  [1]    
     8.4                   1.560  124.70   18.36  [1]    
     8.4                   1.178  214.55   -3.95  [1]    
     8.4                   1.800  281.84  -85.97  [1]    
     8.4                   0.917  184.19   78.11  [1]    
     8.4                   5.883  261.80   85.59  [1]    
     8.4         8.5       4.449  302.29  -20.10  [1]    "passage continues up above route to 40's splay leg is to right side back wall"
     8.4         8.5       4.446  301.90  -20.20  [1]    
     8.4         8.5       4.447  301.85  -20.21  [1]    
     8.5                   4.454  122.05   20.68  [1]    
     8.5                   0.660   42.61   -0.43  [1]    
     8.5                   0.787  295.82   80.77  [1]    
     8.5                   3.441   40.04   71.75  [1]    
     8.5                   1.186  159.77  -84.25  [1]    
     8.5         8.6       2.127  320.34  -11.66  [1]    
     8.5         8.6       2.128  320.47  -11.72  [1]    
     8.5         8.6       2.127  320.33  -11.74  [1]    
     8.6                   2.122  139.96   12.80  [1]    
     8.6                   0.403   65.25    1.27  [1]    
     8.6                   1.373   29.54   74.80  [1]    
     8.6                   0.966  226.69  -87.04  [1]    
     8.6                   1.930    9.54  -74.91  [1]    
     8.6         8.7       5.025  334.36  -11.79  [1]    
     8.6         8.7       5.017  334.32  -11.85  [1]    
     8.6         8.7       5.018  333.07  -12.29  [1]    
     8.7                   5.066  155.07   11.54  [1]    
     8.7                   0.323  233.46   -2.11  [1]    
     8.7                   3.088  147.72   83.95  [1]    
     8.7                   1.417  334.08  -84.41  [1]    
     8.7         8.8       1.631  323.45  -34.25  [1]    
     8.7         8.8       1.632  323.56  -34.24  [1]    
     8.7         8.8       1.632  323.36  -34.23  [1]    
     8.8                   1.648  141.45   35.60  [1]    
     8.8                   0.738  242.86   -4.71  [1]    
     8.8                   2.201  121.85   85.11  [1]    
     8.8                   0.573  265.91  -86.27  [1]    
     8.8         8.9       6.732  325.54   -5.56  [1]    
     8.8         8.9       6.711  325.54   -5.64  [1]    
     8.8         8.9       6.709  325.57   -5.62  [1]    
     8.9                   6.706  148.04    5.85  [1]    
     8.9                   0.672   85.11   -3.81  [1]    
     8.9                   1.207   68.18   77.77  [1]    
     8.9                   0.381   45.26  -87.04  [1]    
     8.9         8.10      2.389    1.38   10.23  [1]    
     8.9         8.10      2.389    1.36   10.24  [1]    
     8.9         8.10      2.389    1.40   10.24  [1]    
     8.10                  2.397  179.07  -10.67  [1]    "top of the climb down from the water rift"
     8.10                  0.867  224.61  -18.06  [1]    
     8.10                  2.551  202.57   79.97  [1]    
     8.10                  1.003  211.64  -85.65  [1]    
     8.10                  1.284  263.59  -11.49  [1]    
     8.10                  1.203  324.42    7.72  [1]    
     8.10        8.11      3.730  245.19  -24.07  [1]    
     8.10        8.11      3.730  245.35  -24.08  [1]    
     8.10        8.11      3.729  245.20  -24.02  [1]    
     8.11                  3.724   63.01   24.03  [1]    
     8.11                  1.163    6.02    4.03  [1]    
     8.11                  0.493  155.26    4.00  [1]    
     8.11                  2.424  200.28  -80.22  [1]    
     8.11                 10.917  339.54   83.66  [1]    
     8.11        8.12      1.747  211.53  -24.54  [1]    
     8.11        8.12      1.745  211.74  -24.55  [1]    
     8.11        8.12      1.749  211.74  -24.52  [1]    
     8.12                  1.739   34.17   24.31  [1]    
     8.12                  0.941  259.38    1.16  [1]    
     8.12                  0.591   89.49   -3.42  [1]    
     8.12                  1.748  155.02  -82.92  [1]    
     8.12                  1.644  258.51   84.25  [1]    
     8.12        8.13      8.324  181.29   -8.15  [1]    
     8.12        8.13      8.343  181.41   -8.17  [1]    
     8.12        8.13      8.345  181.43   -8.11  [1]    
     8.13                  8.386    2.63    8.00  [1]    
     8.13                  0.853  281.78   -0.49  [1]    
     8.13                  3.429  284.92   82.46  [1]    
     8.13                  0.813  114.24  -89.45  [1]    
     8.13                  0.196   95.00    3.81  [1]    
     8.13        8.14      4.394  179.77   -2.77  [1]    
     8.13        8.14      4.389  179.85   -2.77  [1]    
     8.13        8.14      4.390  179.74   -2.80  [1]    
     8.14                  4.391  357.83    2.72  [1]    
     8.14                  1.530  261.41    0.73  [1]    
     8.14                  3.110  221.34   84.26  [1]    
     8.14                  0.840   76.55  -85.25  [1]    
     8.14        8.15      7.890  176.22   -1.55  [1]    "8.15=tip of fat stalactite in middle of passage "
     8.14        8.15      7.900  176.27   -1.65  [1]    
     8.14        8.15      7.880  176.25   -1.71  [1]    
     8.15                  7.890  354.31    1.68  [1]    
     8.15                  0.390  271.84   -0.76  [1]    
     8.15                  0.430   81.78    2.27  [1]    
     8.15                  0.980   17.06  -84.71  [1]    
     8.15                  3.060  326.61   82.70  [1]    
     8.15        8.16      4.520  193.97   -4.07  [1]    "8.16=tip of calcite floor mound. highest point of calcited cobbles"
     8.15        8.16      4.520  193.90   -3.96  [1]    
     8.15        8.16      4.520  194.13   -3.97  [1]    
     8.16                  4.550   11.12    3.98  [1]    
     8.16                  1.390    8.20   -1.40  [1]    
     8.16                  1.310  314.18    0.17  [1]    
     8.16                  2.880  210.72    3.57  [1]    
     8.16                  2.190  158.12   24.87  [1]    
     8.16                  3.690  159.38   30.12  [1]    
     8.16                  1.680   80.18   14.09  [1]    
     8.16                  1.360    3.78   83.92  [1]    
     8.16                  0.910  118.43  -86.27  [1]    
