Swil20170325_DryWayStream   (m, 360)

[1]: 2017/03/25     0.00  "Maxine Bateman on Footlegs DistoX2 2609\rFootleg sketching \rDuncan Simey dog\rMike Waterworth dog\rJosh & Wilman Dogs  "


     2.47       19.0       0.000    0.00    0.00  [1]    
    19.0                   0.961  177.20   -3.41  [1]    
    19.0                   1.180  178.07   68.51  [1]    
    19.0                   0.833  160.89  -46.55  [1]    
    19.0        19.1       2.104  249.91  -11.99  [1]    "19.0=Little stumpy stalagmite on RH wall"
    19.0        19.1       2.103  249.87  -12.10  [1]    
    19.0        19.1       2.106  250.44  -11.92  [1]    
    19.1        19.0       2.105   69.25   11.65  [1]    
    19.1        19.0       2.095   69.24   11.72  [1]    
    19.1        19.0       2.106   69.10   11.35  [1]    
    19.1                   0.217  190.90   19.73  [1]    
    19.1                   0.935   11.89    4.28  [1]    
    19.1                   0.539    7.14  -40.92  [1]    
    19.1                   1.559   31.26   63.14  [1]    
    19.1        19.2       4.214  311.11   -2.23  [1]    
    19.1        19.2       4.200  311.02   -2.26  [1]    
    19.1        19.2       4.225  310.53   -2.21  [1]    
    19.2        19.1       4.232  130.13    2.10  [1]    
    19.2        19.1       4.232  130.61    2.10  [1]    
    19.2        19.1       4.234  130.21    1.98  [1]    
    19.2                   0.906  214.90    7.32  [1]    
    19.2                   0.691  196.79   69.79  [1]    
    19.2                   0.340  192.17  -58.61  [1]    
    19.2        19.3       4.772  306.05   -6.01  [1]    
    19.2        19.3       4.780  306.01   -5.93  [1]    
    19.2        19.3       4.795  306.58   -5.92  [1]    
    19.3        19.2       4.780  124.82    6.05  [1]    
    19.3        19.2       4.776  125.56    6.04  [1]    
    19.3        19.2       4.789  124.95    5.99  [1]    
    19.3                   1.197  204.42    7.83  [1]    
    19.3                   0.406  185.13  -49.80  [1]    
    19.3                   5.285  312.12   76.88  [1]    
    19.3                   1.252  103.45   82.02  [1]    
    19.3        19.4       2.818  275.06   25.83  [1]    
    19.3        19.4       2.824  274.65   25.76  [1]    
    19.3        19.4       2.838  274.70   26.07  [1]    
    19.4        19.3       2.836   93.88  -25.85  [1]    
    19.4        19.3       2.870   94.36  -25.53  [1]    
    19.4        19.3       2.831   94.66  -25.76  [1]    
    19.4                   1.174   35.93   -3.32  [1]    
    19.4                   3.537    6.81   78.00  [1]    
    19.4                   1.957   46.20  -62.55  [1]    
    19.4        19.5       2.708  348.65   -9.11  [1]    
    19.4        19.5       2.710  348.66   -9.36  [1]    
    19.4        19.5       2.706  348.82   -9.33  [1]    
    19.5        19.4       2.715  168.24    9.78  [1]    
    19.5        19.4       2.713  167.89    9.49  [1]    
    19.5        19.4       2.745  168.27    9.84  [1]    
    19.5                   1.028  210.70    2.81  [1]    
    19.5                   4.931  256.01   76.67  [1]    
    19.5                   1.489  238.44  -88.61  [1]    
    19.5        19.6       3.668  242.34   -4.56  [1]    
    19.5        19.6       3.666  242.68   -4.81  [1]    
    19.5        19.6       3.666  242.34   -4.66  [1]    
    19.6        19.5       3.676   61.92    5.17  [1]    
    19.6        19.5       3.692   62.03    4.89  [1]    
    19.6        19.5       3.680   61.67    5.08  [1]    
    19.6                   0.936  345.42    7.23  [1]    
    19.6                   4.380  347.60   84.38  [1]    
    19.6                   1.610   51.36  -75.06  [1]    
    19.6        19.7       4.034  262.55  -32.40  [1]    
    19.6        19.7       4.028  262.84  -32.10  [1]    
    19.6        19.7       4.021  262.69  -32.20  [1]    
    19.7        19.6       4.049   82.71   32.46  [1]    
    19.7        19.6       4.046   82.73   32.50  [1]    
    19.7        19.6       4.039   82.22   32.34  [1]    
    19.7                   0.779  175.08   19.23  [1]    
    19.7                   1.665    4.25   13.01  [1]    
    19.7                   5.314  318.01   81.22  [1]    
    19.7                   0.910   39.39  -84.84  [1]    
    19.7         2.57      0.000    0.00    0.00  [1]    
    19.7                   2.847   73.37  -14.48  [1]    
