TRIP
DATE 2013-06-30 
DECLINATION     0.00
DATA
2.8	10.0	0.00	0.00	0.000	>
10.0	10.1	193.97	16.02	2.189	>
10.1		276.65	12.02	0.600	>
10.1		263.42	84.68	1.130	>
10.1		340.02	-87.66	0.860	>
10.1		130.28	11.82	0.220	>
10.1	10.2	228.13	32.68	1.139	>
10.2		84.58	-2.87	0.700	>
10.2		245.42	7.67	0.509	>
10.2		181.31	75.58	0.880	>
10.2		205.39	-86.74	1.150	>
10.2	10.3	163.30	-22.85	3.270	>
10.3		68.85	-0.18	0.640	>
10.3		103.22	-83.45	1.800	>
10.3		279.51	83.42	1.690	>
10.3		104.43	-50.08	1.801	>
10.3		125.15	-23.24	0.900	>
10.3		162.42	-25.05	0.841	>
10.3		177.51	-0.32	0.530	>
10.3	10.4	267.13	3.52	6.907	>
10.4		178.12	2.81	0.550	>
10.4		358.59	9.94	0.330	>
10.4		76.68	84.10	0.380	>
10.4		211.76	-83.55	0.440	>
10.3	10.5	190.55	-63.18	2.543	>
10.5		308.44	-0.67	0.600	>
10.5		295.06	-61.83	0.720	>
10.5	10.6	251.08	-25.44	4.593	>
10.6		90.00	22.23	1.060	>
10.6		275.67	12.90	0.260	>
10.6		129.81	84.51	0.490	>
10.6		31.19	16.46	1.440	>
10.6	10.7	167.26	7.15	2.940	>
10.7		326.64	-21.83	1.291	>
10.7		316.81	-22.26	0.990	>
10.7		256.69	-44.92	0.760	>
10.7		216.43	-34.58	0.980	>
10.7		299.74	85.12	0.190	>
10.7		162.55	-85.98	1.570	>
10.7	10.8	165.60	-0.43	3.716	>
10.8		39.90	9.58	0.751	>
10.8		37.53	78.05	0.420	>
10.8		127.57	-89.12	1.070	>
10.8	10.9	111.49	19.76	2.100	>
10.9		221.04	0.32	0.900	>
10.9		120.49	-83.52	1.100	>
10.9		317.12	84.78	0.210	>
10.9		17.05	-3.91	0.250	>
10.9		167.68	-7.63	1.740	>
10.9		152.97	-6.06	1.770	>
10.9		165.43	5.99	3.171	>
10.9		146.54	8.77	2.879	>
10.9		106.67	13.81	2.840	>
10.9		97.34	-8.06	1.240	>
10.9	10.10	161.73	1.86	7.710	>
10.10		262.63	2.61	0.460	>
10.10		13.50	-1.43	0.360	>
10.10		315.86	77.50	0.650	>
10.10		99.46	-85.02	0.630	>
10.10	10.11	102.06	5.77	2.159	>
10.9	10.12	93.72	17.83	8.353	>
10.12		330.15	-0.55	1.670	>
10.12		155.46	0.00	0.520	>
10.12		246.67	82.74	0.440	>
10.12		67.38	-84.91	0.440	>
10.12	10.13	9.46	9.01	4.337	>
10.13		243.90	-9.25	0.790	>
10.13		67.65	-18.80	0.900	>
10.13		256.26	-85.91	0.650	>
10.13	10.14	152.81	2.03	2.146	>
10.14		296.59	51.54	3.840	>
10.14		296.42	51.44	4.810	>
10.14		296.46	51.33	3.829	>
10.13	10.15	88.63	11.53	3.682	>
10.15		317.36	3.29	1.220	>
10.15		119.45	28.60	0.850	>
10.15		294.44	80.26	0.500	>
10.15		71.57	-88.19	0.300	>
10.15		327.67	-14.97	0.530	>
10.15		256.61	80.05	0.250	>
10.15	10.16	47.35	18.38	5.882	>
10.16		335.24	0.85	0.540	>
10.16		160.45	6.61	1.450	>
10.16		280.78	80.90	0.270	>
10.16	10.17	79.74	18.79	5.343	>
10.17		8.31	14.34	1.700	>
10.17		303.21	88.21	2.110	>
10.17		315.00	-88.26	0.650	>
10.17		195.13	7.13	0.830	>
10.17		295.58	-11.71	2.819	>
10.17		255.85	-15.91	2.079	>
10.17		134.31	25.90	1.170	>
10.17		89.61	30.45	2.060	>
10.17		51.22	52.47	1.200	>
10.17		32.80	57.91	3.760	>
10.17		313.51	23.50	0.980	>
10.3		221.05	0.62	0.370	>
10.3	10.18	104.97	-49.81	1.800	>
10.18	10.19	143.64	-4.35	1.859	>
10.18		175.28	4.49	0.780	>
10.18		37.45	24.32	0.260	>
10.18		183.72	49.78	0.310	>
10.14	10.20	295.14	51.23	3.879	>

PLAN
STATIONS
-15.759	22.471	10.0
-16.267	20.429	10.1
-16.981	19.789	10.2
-16.115	16.903	10.3
-23.000	16.558	10.4
-16.325	15.775	10.5
-20.248	14.430	10.6
-19.605	11.585	10.7
-18.681	7.986	10.8
-16.842	7.262	10.9
-14.426	-0.055	10.10
-12.325	-0.504	10.11
-8.907	6.746	10.12
-8.203	10.971	10.13
-7.223	9.063	10.14
-4.596	11.057	10.15
-0.490	14.839	10.16
4.487	15.740	10.17
-14.993	16.603	10.18
-13.894	15.110	10.19
-9.422	10.095	10.20
15.369	15.566	10.15
-25.501	-2.269	10.12
-24.861	4.116	10.9
-30.461	9.866	10.7
SHOTS
-7.223	9.063	-9.422	10.095
-14.993	16.603	-13.894	15.110
-16.115	16.903	-14.993	16.603
-14.993	16.603	-14.929	15.828
-14.993	16.603	-14.849	16.791
-14.993	16.603	-15.006	16.403
-0.490	14.839	4.487	15.740
4.487	15.740	4.725	17.370
4.487	15.740	4.432	15.776
4.487	15.740	4.473	15.754
4.487	15.740	4.272	14.945
4.487	15.740	1.997	16.932
4.487	15.740	2.548	15.251
4.487	15.740	5.240	15.005
4.487	15.740	6.263	15.752
4.487	15.740	5.057	16.198
4.487	15.740	5.569	17.419
4.487	15.740	3.835	16.359
-4.596	11.057	-0.490	14.839
-0.490	14.839	-0.716	15.329
-0.490	14.839	-0.008	13.482
-0.490	14.839	-0.532	14.847
-8.203	10.971	-4.596	11.057
-4.596	11.057	-5.421	11.953
-4.596	11.057	-3.946	10.690
-4.596	11.057	-4.673	11.092
-4.596	11.057	-4.587	11.060
-4.596	11.057	-4.870	11.490
-4.596	11.057	-4.638	11.047
-8.203	10.971	-7.223	9.063
-7.223	9.063	-9.359	10.132
-7.223	9.063	-9.908	10.397
-7.223	9.063	-9.365	10.129
-8.907	6.746	-8.203	10.971
-8.203	10.971	-8.903	10.628
-8.203	10.971	-7.415	11.295
-8.203	10.971	-8.248	10.960
-16.842	7.262	-8.907	6.746
-8.907	6.746	-9.738	8.194
-8.907	6.746	-8.691	6.273
-8.907	6.746	-8.958	6.724
-8.907	6.746	-8.871	6.761
-14.426	-0.055	-12.325	-0.504
-16.842	7.262	-14.426	-0.055
-14.426	-0.055	-14.882	-0.114
-14.426	-0.055	-14.342	0.295
-14.426	-0.055	-14.524	0.046
-14.426	-0.055	-14.372	-0.064
-18.681	7.986	-16.842	7.262
-16.842	7.262	-17.433	6.583
-16.842	7.262	-16.735	7.199
-16.842	7.262	-16.855	7.276
-16.842	7.262	-16.769	7.500
-16.842	7.262	-16.474	5.577
-16.842	7.262	-16.042	5.694
-16.842	7.262	-16.049	4.210
-16.842	7.262	-15.273	4.888
-16.842	7.262	-14.200	6.471
-16.842	7.262	-15.624	7.105
-19.605	11.585	-18.681	7.986
-18.681	7.986	-18.206	8.554
-18.681	7.986	-18.628	8.055
-18.681	7.986	-18.668	7.976
-20.248	14.430	-19.605	11.585
-19.605	11.585	-20.264	12.586
-19.605	11.585	-20.232	12.253
-19.605	11.585	-20.129	11.461
-19.605	11.585	-20.084	10.936
-19.605	11.585	-19.619	11.593
-19.605	11.585	-19.572	11.480
-16.325	15.775	-20.248	14.430
-20.248	14.430	-19.267	14.430
-20.248	14.430	-20.500	14.455
-20.248	14.430	-20.212	14.400
-20.248	14.430	-19.533	15.611
-16.115	16.903	-16.325	15.775
-16.325	15.775	-16.795	16.148
-16.325	15.775	-16.633	15.919
-16.115	16.903	-23.000	16.558
-23.000	16.558	-22.982	16.009
-23.000	16.558	-23.008	16.883
-23.000	16.558	-22.962	16.567
-23.000	16.558	-23.026	16.516
-16.981	19.789	-16.115	16.903
-16.115	16.903	-15.518	17.134
-16.115	16.903	-15.915	16.856
-16.115	16.903	-16.306	16.935
-16.115	16.903	-14.996	16.615
-16.115	16.903	-15.439	16.427
-16.115	16.903	-15.885	16.177
-16.115	16.903	-16.092	16.374
-16.115	16.903	-16.358	16.624
-16.267	20.429	-16.981	19.789
-16.981	19.789	-16.285	19.855
-16.981	19.789	-17.440	19.579
-16.981	19.789	-16.986	19.570
-16.981	19.789	-17.009	19.730
-15.759	22.471	-16.267	20.429
-16.267	20.429	-16.850	20.497
-16.267	20.429	-16.371	20.417
-16.267	20.429	-16.279	20.462
-16.267	20.429	-16.103	20.290
-15.759	22.471	-15.759	22.471
15.369	15.566	14.454	15.636	
15.369	15.566	15.751	15.973	
15.369	15.566	15.332	16.059	
15.369	15.566	15.366	15.266	
15.369	15.566	14.930	15.429	
15.369	15.566	15.378	15.812	
-25.501	-2.269	-26.890	-2.285	
-25.501	-2.269	-25.044	-2.269	
-25.501	-2.269	-25.476	-1.833	
-25.501	-2.269	-25.519	-2.707	
-24.861	4.116	-24.012	4.121	
-24.861	4.116	-24.841	3.023	
-24.861	4.116	-24.869	4.325	
-24.861	4.116	-25.109	4.099	
-24.861	4.116	-23.429	3.885	
-24.861	4.116	-23.697	3.929	
-24.861	4.116	-22.315	4.447	
-24.861	4.116	-23.230	4.555	
-24.861	4.116	-25.097	4.794	
-24.861	4.116	-25.163	3.942	
-30.461	9.866	-30.054	9.386	
-30.461	9.866	-30.008	9.491	
-30.461	9.866	-29.923	9.329	
-30.461	9.866	-29.843	9.310	
-30.461	9.866	-30.450	10.055	
-30.461	9.866	-30.468	8.300	
POLYLINE BLACK
-0.735	15.338
-0.720	15.308
-0.960	15.083
-0.975	15.053
-1.170	14.918
-1.275	14.858
-1.395	14.753
-1.815	14.438
-1.905	14.348
-2.085	14.228
-2.175	14.138
-2.325	14.063
-2.490	13.958
-2.595	13.913
-2.865	13.718
-3.105	13.553
-3.135	13.508
-3.645	13.088
-3.660	13.058
-3.840	12.968
-3.930	12.938
-4.005	12.878
-4.020	12.848
-4.125	12.803
-4.155	12.803
-4.245	12.743
-4.305	12.698
-4.380	12.668
-4.440	12.608
-4.485	12.593
-4.770	12.383
-4.890	12.293
-5.070	12.143
-5.100	12.143
-5.160	12.098
-5.190	12.053
-5.340	11.978
POLYLINE BLACK
-23.540	16.713
-23.500	16.743
-23.470	16.743
-23.410	16.763
-23.360	16.763
-23.300	16.703
-23.270	16.643
-23.270	16.533
-23.280	16.493
-23.280	16.473
-23.320	16.433
-23.350	16.403
-23.390	16.373
-23.420	16.373
-23.440	16.353
-23.470	16.353
-23.510	16.343
POLYLINE BLACK
-23.530	16.733
-23.520	16.663
-23.510	16.473
-23.510	16.363
POLYLINE BLACK
-23.840	16.343
-23.780	16.333
-23.670	16.373
-23.620	16.363
POLYLINE BLACK
-23.830	16.483
-23.760	16.483
-23.710	16.503
POLYLINE BLACK
-23.950	16.643
-23.910	16.653
-23.820	16.683
-23.790	16.703
-23.760	16.703
-23.720	16.713
POLYLINE BLACK
-23.930	16.643
-23.890	16.553
-23.870	16.413
-23.870	16.323
POLYLINE BLACK
-24.280	16.603
-24.260	16.543
-24.260	16.463
-24.250	16.413
-24.250	16.373
-24.220	16.303
-24.180	16.303
-24.150	16.313
-24.120	16.303
-23.980	16.323
POLYLINE BLACK
-24.620	16.603
-24.620	16.333
-24.630	16.293
-24.620	16.253
-24.600	16.243
-24.550	16.253
-24.380	16.253
-24.360	16.263
-24.340	16.253
POLYLINE BLACK
-24.870	16.523
-24.870	16.523
-24.840	16.423
-24.840	16.393
-24.820	16.323
-24.790	16.173
POLYLINE BLACK
-25.200	16.313
-25.210	16.293
-25.110	16.323
-25.060	16.353
-25.030	16.343
-24.990	16.353
POLYLINE BLACK
-25.310	16.443
-25.290	16.463
-25.270	16.463
-25.220	16.493
-25.180	16.513
-25.150	16.513
-25.110	16.523
-25.020	16.533
POLYLINE BLACK
-25.290	16.473
-25.300	16.423
-25.250	16.283
-25.220	16.113
-25.220	16.093
POLYLINE BLACK
-24.200	17.283
-24.180	17.283
-24.080	17.353
-24.020	17.383
-23.950	17.383
-23.910	17.373
-23.860	17.323
-23.830	17.263
-23.830	17.213
-23.890	17.093
-24.040	16.923
POLYLINE BLACK
-24.190	17.303
-24.170	17.273
-24.160	17.233
-24.100	17.053
-24.080	16.923
POLYLINE BLACK
-24.530	17.273
-24.530	17.203
-24.520	17.153
-24.520	17.073
-24.470	16.953
-24.450	16.933
-24.370	17.003
-24.320	17.113
-24.320	17.173
-24.330	17.223
-24.340	17.313
POLYLINE BLACK
-24.970	16.833
-24.990	16.873
-24.990	16.923
-25.000	16.963
-25.000	17.163
-24.990	17.233
-24.890	17.143
-24.860	17.113
-24.850	17.163
-24.790	17.283
-24.750	17.223
-24.720	17.153
-24.720	17.123
-24.710	17.083
-24.700	17.043
-24.670	16.933
-24.670	16.893
POLYLINE BLACK
-22.890	16.113
-22.930	16.083
-22.970	16.093
-23.070	16.133
-23.090	16.153
-23.110	16.253
-23.110	16.323
-23.140	16.383
-23.150	16.463
-23.150	16.513
-23.160	16.553
-23.170	16.633
-23.170	16.783
-23.160	16.833
-23.160	16.913
-23.130	17.023
-23.080	17.013
-23.060	17.023
-22.970	17.003
-22.930	17.013
-22.910	17.013
POLYLINE BLACK
-22.600	16.813
-22.330	16.813
POLYLINE BLACK
-22.180	16.403
-22.140	16.413
-22.070	16.413
-21.960	16.443
POLYLINE BLACK
-22.060	16.833
-22.020	16.823
-21.950	16.823
-21.860	16.813
POLYLINE BLACK
-21.300	16.553
-21.260	16.523
-21.240	16.523
-21.210	16.503
-21.170	16.493
POLYLINE BLACK
-21.120	16.803
-21.070	16.813
-21.020	16.813
-20.980	16.793
POLYLINE BLACK
-20.550	16.543
-20.510	16.543
-20.390	16.573
-20.310	16.573
-20.290	16.563
POLYLINE BLACK
-20.430	16.853
-20.360	16.833
-20.250	16.833
-20.230	16.823
POLYLINE BLACK
-20.020	16.543
-19.800	16.563
POLYLINE BLACK
-19.840	16.853
-19.790	16.843
-19.730	16.843
-19.590	16.873
-19.510	16.883
POLYLINE BLACK
-19.310	16.563
-19.290	16.553
-19.250	16.563
-19.140	16.553
-19.060	16.563
POLYLINE BLACK
-19.090	16.923
-19.050	16.933
-18.900	16.913
POLYLINE BLACK
-18.580	16.613
-18.540	16.623
-18.350	16.643
-18.250	16.643
POLYLINE BLACK
-18.310	17.013
-18.290	16.993
-18.240	16.993
POLYLINE BLACK
-17.960	16.693
-17.890	16.693
-17.760	16.723
POLYLINE BLACK
-17.010	16.853
-16.960	16.743
-16.940	16.753
-16.920	16.743
-16.860	16.783
POLYLINE BLACK
-17.450	16.953
-17.410	16.943
-17.310	16.963
-17.270	16.953
-17.200	16.933
POLYLINE BLACK
-16.010	17.113
-15.920	17.123
-15.820	17.133
POLYLINE BLACK
-16.060	17.563
-16.020	17.533
-15.970	17.543
-15.860	17.533
POLYLINE BLACK
-16.370	17.813
-16.330	17.823
-16.200	17.853
POLYLINE BLACK
-16.020	18.403
-15.970	18.393
-15.880	18.413
POLYLINE BLACK
-16.860	18.213
-16.850	18.193
-16.670	18.183
-16.630	18.173
POLYLINE BLACK
-17.030	18.783
-17.020	18.803
-16.990	18.803
-16.880	18.833
-16.860	18.833
POLYLINE BLACK
-15.940	18.993
-15.900	19.003
-15.800	18.993
-15.780	18.983
POLYLINE BLACK
-16.630	19.193
-16.630	19.173
-16.520	19.203
-16.380	19.203
POLYLINE BLACK
-16.450	19.513
-16.360	19.523
-16.290	19.513
POLYLINE BLACK
-17.120	19.343
-17.100	19.353
-17.000	19.313
POLYLINE BLACK
-16.650	20.013
-16.630	20.023
-16.590	20.003
-16.540	20.003
-16.500	20.013
POLYLINE BLACK
-16.680	20.203
-16.630	20.193
-16.550	20.203
-16.520	20.203
POLYLINE BLACK
-16.110	20.623
-16.010	20.613
-15.990	20.623
-15.940	20.623
POLYLINE BLACK
-16.490	20.753
-16.470	20.743
-16.450	20.753
-16.410	20.753
-16.350	20.773
-16.330	20.773
POLYLINE BLACK
-15.830	21.013
-15.790	21.003
-15.740	21.003
POLYLINE BLACK
-16.200	21.223
-16.220	21.213
-16.170	21.203
-16.110	21.223
POLYLINE BLACK
-15.710	21.413
-15.660	21.423
-15.640	21.413
-15.620	21.423
-15.600	21.413
POLYLINE BLACK
-16.110	21.643
-16.090	21.633
-16.070	21.643
-15.960	21.643
-15.940	21.653
POLYLINE BLACK
-15.660	21.863
-15.570	21.853
POLYLINE BLACK
-15.590	22.223
-15.570	22.243
-15.500	22.243
-15.410	22.273
POLYLINE BLACK
-15.080	22.423
-15.080	22.443
-15.040	22.433
-14.970	22.433
POLYLINE BLACK
-15.330	22.553
-15.330	22.533
-15.290	22.543
-15.240	22.543
POLYLINE BLUE
4.550	15.333
4.510	15.373
4.430	15.393
4.350	15.493
4.450	15.473
4.630	15.513
4.670	15.513
4.550	15.293
POLYLINE BLUE
5.490	16.133
5.370	15.813
5.330	15.773
5.330	15.733
5.230	15.593
5.110	15.533
5.070	15.553
4.990	15.533
4.930	15.393
4.830	15.333
4.750	15.333
4.590	15.433
4.550	15.433
POLYLINE BLUE
-1.130	13.813
-1.210	13.793
-1.390	13.693
-1.430	13.693
-1.470	13.653
-1.470	13.853
-1.370	13.913
-1.290	13.893
-1.210	13.873
POLYLINE BLUE
-0.510	14.313
-0.590	14.273
-0.730	14.273
-0.850	14.253
-0.950	14.133
-1.010	14.013
-1.170	13.913
-1.330	13.873
-1.390	13.753
POLYLINE BLUE
0.830	15.053
0.590	15.013
0.450	15.013
0.410	14.993
0.650	15.213
0.670	15.113
0.710	15.033
POLYLINE BLUE
2.090	15.833
2.070	15.793
1.970	15.733
1.870	15.653
1.690	15.593
1.570	15.593
1.530	15.573
1.410	15.653
1.490	15.393
1.450	15.373
1.270	15.373
1.130	15.413
1.090	15.413
0.990	15.273
0.870	15.193
0.670	15.033
0.630	14.993
0.550	14.993
POLYLINE BLUE
1.950	16.053
2.110	15.853
2.170	15.733
2.110	15.793
POLYLINE BLUE
2.270	15.993
POLYLINE BLUE
2.350	16.013
2.350	15.973
POLYLINE BLUE
2.650	15.873
2.390	16.033
2.350	16.013
POLYLINE ORANGE
4.230	16.053
3.990	15.953
3.850	15.933
3.770	15.913
3.690	15.913
3.550	15.893
3.430	15.933
3.370	15.933
3.250	15.973
3.070	16.013
2.990	16.033
2.890	16.033
2.730	16.093
2.650	16.113
2.570	16.093
2.490	16.113
2.410	16.093
2.330	16.073
2.190	15.993
2.110	15.973
1.950	15.893
1.870	15.873
1.810	15.833
1.730	15.813
1.510	15.713
1.430	15.693
1.250	15.593
1.170	15.593
0.950	15.453
0.830	15.353
0.750	15.333
0.650	15.273
0.410	15.213
0.210	15.093
-0.070	14.873
-0.370	14.713
-0.410	14.673
-0.450	14.673
-0.530	14.593
-0.570	14.593
-0.690	14.513
-0.710	14.453
-0.750	14.453
-0.790	14.413
-0.790	14.373
-0.990	14.193
-1.030	14.193
-1.230	14.033
-1.270	14.053
-1.630	13.793
-1.790	13.633
-1.910	13.433
-1.950	13.393
POLYLINE ORANGE
4.850	15.813
4.750	15.713
4.670	15.653
4.370	15.593
4.190	15.573
3.910	15.573
3.830	15.593
3.790	15.573
3.670	15.613
3.590	15.613
3.550	15.633
3.470	15.613
3.290	15.633
3.170	15.593
3.050	15.633
3.010	15.613
2.930	15.633
2.850	15.633
2.710	15.653
2.630	15.633
2.510	15.593
2.390	15.513
2.350	15.513
2.310	15.473
2.230	15.473
2.130	15.413
2.090	15.393
2.010	15.393
1.850	15.313
1.770	15.293
1.690	15.253
1.650	15.273
1.430	15.193
1.270	15.173
1.070	15.033
0.930	14.933
0.850	14.913
0.590	14.733
0.390	14.593
0.210	14.513
0.130	14.453
0.030	14.433
-0.070	14.333
-0.130	14.333
-0.330	14.193
-0.370	14.153
-0.550	14.113
-0.630	14.053
-0.670	14.053
-0.690	13.973
-0.750	13.853
-0.790	13.633
-0.790	13.513
-0.930	13.293
-1.090	13.173
-1.150	13.153
-1.190	13.173
-1.390	13.053
-1.470	13.033
-1.530	12.973
POLYLINE BLACK
4.430	15.913
4.250	16.093
4.150	16.233
4.030	16.353
3.910	16.553
3.730	16.713
3.550	16.893
3.530	16.973
3.510	17.093
3.710	17.253
3.830	17.333
3.870	17.333
3.910	17.373
3.990	17.373
4.110	17.173
4.270	16.713
4.310	16.653
4.330	16.573
4.410	16.253
4.470	16.013
4.510	15.913
POLYLINE BLACK
4.090	17.233
4.130	17.233
4.110	17.193
4.090	16.913
4.210	16.713
4.390	16.613
4.470	16.613
4.530	16.533
4.630	16.773
4.630	16.833
4.750	17.053
4.750	17.113
4.810	17.193
4.570	17.293
4.490	17.293
4.350	17.333
4.270	17.333
4.190	17.353
POLYLINE BLACK
5.070	16.753
5.090	16.793
5.130	16.753
5.150	16.673
5.310	16.353
5.350	16.353
5.590	16.593
5.710	16.773
5.810	16.893
5.590	17.173
5.530	17.273
5.510	17.353
5.230	17.113
5.130	17.053
5.010	16.853
POLYLINE BLACK
6.310	17.373
6.350	17.373
6.490	17.173
6.590	17.053
6.590	16.833
6.550	16.733
6.570	16.653
6.510	16.573
6.510	16.373
6.490	16.313
6.410	16.273
6.370	16.293
POLYLINE BLACK
5.170	17.573
5.210	17.613
5.490	17.553
5.570	17.493
5.650	17.473
5.750	17.493
5.910	17.433
5.990	17.433
6.150	17.373
6.230	17.353
6.290	17.273
6.290	17.193
6.170	17.053
6.050	16.913
6.050	16.873
6.010	16.833
5.990	16.753
5.850	16.593
5.910	16.533
6.030	16.553
6.070	16.533
6.110	16.553
6.150	16.513
6.190	16.533
6.270	16.513
6.350	16.493
6.410	16.453
6.490	16.453
6.530	16.413
6.610	16.433
6.690	16.433
6.730	16.413
6.550	16.273
6.370	16.053
6.230	15.913
6.150	15.793
6.030	15.673
POLYLINE BLACK
4.170	14.973
4.190	15.013
4.270	14.993
4.430	14.933
4.470	14.953
4.550	14.933
4.750	14.933
4.870	14.893
5.030	14.933
5.110	14.953
5.270	14.993
5.310	15.033
POLYLINE BLACK
5.070	15.113
5.190	14.993
5.270	14.973
5.370	14.993
5.530	15.053
5.590	15.133
5.630	15.133
6.050	15.573
6.190	15.753
6.210	15.793
POLYLINE BLACK
4.650	17.373
4.690	17.353
4.730	17.393
4.770	17.393
4.870	17.433
4.910	17.473
4.970	17.473
5.050	17.493
5.130	17.493
5.290	17.533
5.390	17.533
5.430	17.553
POLYLINE BLACK
1.930	16.973
1.970	16.933
2.210	17.013
2.290	17.033
2.370	17.113
2.450	17.133
2.810	17.233
3.010	17.273
3.130	17.273
3.310	17.333
3.390	17.313
3.550	17.373
3.610	17.373
3.650	17.393
3.730	17.373
3.870	17.393
4.050	17.373
4.230	17.413
4.350	17.393
4.490	17.413
4.570	17.393
4.610	17.373
POLYLINE BLACK
-0.670	15.413
-0.650	15.333
-0.350	15.613
0.010	15.853
0.210	15.993
0.910	16.433
0.990	16.433
1.030	16.453
1.070	16.433
1.430	16.713
1.710	16.913
1.830	16.933
2.050	16.913
2.250	16.953
POLYLINE BLACK
0.070	13.633
0.030	13.673
0.110	13.673
0.230	13.733
0.270	13.733
0.470	13.873
0.630	13.973
0.670	13.973
0.790	14.073
0.870	14.093
0.970	14.133
1.010	14.173
1.090	14.193
1.290	14.313
1.410	14.333
1.450	14.373
1.490	14.373
1.610	14.473
1.750	14.513
1.910	14.613
2.010	14.653
2.370	14.933
2.630	15.153
2.670	15.233
2.710	15.233
2.730	15.273
2.810	15.273
2.850	15.233
2.930	15.233
3.090	15.153
3.170	15.153
3.350	15.093
3.430	15.073
3.510	15.053
3.590	15.053
3.630	15.033
3.710	15.053
3.950	14.973
4.030	14.993
4.070	14.973
4.150	14.993
4.230	14.973
4.270	14.973
POLYLINE BLACK
0.030	13.753
0.070	13.613
0.030	13.653
0.170	13.793
0.230	13.853
POLYLINE BLACK
-1.475	9.113
-1.475	9.143
POLYLINE BLACK
-1.070	13.733
-1.175	13.643
-1.310	13.553
-1.385	13.463
-1.460	13.403
-1.535	13.313
-1.850	13.058
-1.865	13.028
-2.090	12.833
-2.120	12.788
-2.180	12.743
-2.075	12.803
-1.985	12.863
-1.805	12.938
-1.775	12.938
-1.715	12.983
-1.640	12.998
-1.610	13.028
-1.355	13.148
-1.190	13.208
-1.085	13.208
-1.040	13.268
-1.040	13.298
-0.995	13.478
-0.995	13.613
-0.980	13.688
-0.980	13.718
-1.010	13.718
-1.070	13.748
-1.100	13.748
-1.130	13.733
POLYLINE BLACK
-3.920	10.748
-3.920	10.718
-3.740	10.883
-3.710	10.883
-3.590	10.958
-3.320	11.138
-3.290	11.168
-3.260	11.168
-3.230	11.183
-3.200	11.228
-3.095	11.303
-3.050	11.363
-2.960	11.423
-2.885	11.453
-2.705	11.573
-2.645	11.618
-2.585	11.693
-2.420	11.798
-2.240	11.948
-2.165	11.993
-2.135	12.038
-2.075	12.083
-2.000	12.113
-1.760	12.323
-1.580	12.488
-1.475	12.548
-1.160	12.773
-1.010	12.833
-0.755	13.013
-0.410	13.253
-0.140	13.493
-0.125	13.523
-0.020	13.568
-0.005	13.598
0.085	13.673
POLYLINE BLACK
-1.250	13.463
-1.235	13.508
-1.250	13.568
-1.310	13.613
-1.355	13.613
-1.415	13.583
-1.445	13.583
POLYLINE BLACK
-2.645	8.558
-2.780	8.603
-2.840	8.663
-2.885	8.753
-3.050	8.993
POLYLINE BLACK
-2.600	8.678
-2.570	8.663
-2.540	8.678
POLYLINE BLACK
14.538	16.203
14.535	16.212
POLYLINE BLACK
15.351	15.303
15.357	15.300
15.372	15.324
15.381	15.342
15.381	15.348
15.387	15.369
15.387	15.375
15.390	15.381
15.390	15.393
15.393	15.399
15.393	15.411
15.396	15.417
15.396	15.435
15.399	15.450
15.399	15.462
15.402	15.468
15.402	15.510
15.405	15.516
15.405	15.579
15.402	15.585
POLYLINE BLACK
15.369	15.294
15.342	15.273
15.324	15.264
15.303	15.261
15.297	15.255
15.285	15.255
15.264	15.249
15.255	15.252
15.249	15.249
15.243	15.249
15.237	15.246
15.216	15.246
15.210	15.243
15.195	15.243
15.189	15.246
15.177	15.246
15.159	15.255
15.153	15.255
15.147	15.258
15.144	15.264
POLYLINE BLACK
14.979	15.357
14.988	15.336
15.006	15.315
15.039	15.291
15.081	15.276
15.087	15.270
15.150	15.258
15.165	15.261
15.177	15.261
15.186	15.264
15.192	15.261
15.219	15.261
15.225	15.258
POLYLINE BLACK
14.973	15.015
POLYLINE BLACK
15.066	16.068
POLYLINE BLACK
14.469	15.651
14.475	15.651
14.487	15.660
14.493	15.660
14.517	15.678
14.535	15.690
14.541	15.690
14.553	15.702
14.559	15.702
14.568	15.705
14.580	15.714
14.586	15.714
14.595	15.726
14.604	15.732
14.607	15.738
14.622	15.744
14.640	15.762
14.646	15.762
14.667	15.777
14.679	15.783
14.685	15.789
14.700	15.795
14.712	15.804
14.718	15.807
14.721	15.813
14.748	15.825
14.760	15.834
14.772	15.840
14.784	15.852
14.811	15.864
14.823	15.873
14.838	15.879
14.844	15.879
14.856	15.888
14.862	15.894
14.868	15.894
14.889	15.903
14.895	15.909
14.901	15.909
14.913	15.918
14.928	15.924
14.934	15.924
14.961	15.939
14.967	15.945
14.982	15.945
14.988	15.948
14.994	15.948
15.006	15.957
15.021	15.963
15.027	15.963
15.063	15.978
15.069	15.978
15.075	15.981
15.084	15.981
15.090	15.984
15.096	15.984
15.138	16.002
15.144	15.999
15.150	16.002
15.159	16.002
15.165	16.005
15.195	16.005
15.246	16.026
15.285	16.026
15.291	16.029
15.297	16.026
15.312	16.032
15.324	16.032
15.330	16.035
15.360	16.035
15.375	16.032
15.393	16.032
15.399	16.029
15.405	16.029
15.411	16.026
15.417	16.026
15.426	16.023
15.432	16.026
15.438	16.026
15.444	16.023
15.450	16.026
15.456	16.026
15.468	16.020
15.504	16.020
15.516	16.014
15.528	16.014
15.534	16.011
15.549	16.011
15.555	16.008
15.561	16.011
15.573	16.011
15.594	16.002
15.606	16.002
15.612	15.999
15.621	15.999
15.627	15.996
15.633	15.999
15.639	15.996
15.651	15.996
15.663	15.987
15.684	15.987
15.699	15.981
15.705	15.981
15.720	15.975
15.726	15.978
15.732	15.978
15.738	15.975
15.750	15.975
15.768	15.966
15.783	15.966
POLYLINE BLACK
14.499	15.654
14.508	15.657
14.511	15.663
14.517	15.663
14.529	15.672
14.547	15.684
14.553	15.684
14.565	15.696
14.589	15.711
14.595	15.714
14.601	15.714
POLYLINE BLACK
15.381	15.585
15.390	15.570
15.384	15.570
15.402	15.576
15.408	15.576
15.438	15.591
15.450	15.600
15.456	15.603
15.462	15.603
15.474	15.615
15.480	15.618
15.489	15.633
15.495	15.636
15.501	15.648
15.513	15.657
15.525	15.675
15.531	15.678
15.534	15.684
15.546	15.693
15.564	15.711
15.567	15.717
15.579	15.726
15.588	15.738
15.591	15.744
15.597	15.747
15.606	15.759
15.618	15.768
15.636	15.777
15.642	15.777
15.657	15.795
15.669	15.804
15.678	15.816
15.690	15.825
15.708	15.843
15.717	15.855
15.729	15.867
15.753	15.915
15.765	15.927
15.765	15.933
15.768	15.939
15.768	15.945
15.780	15.954
15.783	15.960
15.783	15.972
POLYLINE BLACK
15.288	15.285
15.318	15.285
15.324	15.288
15.336	15.288
15.342	15.282
15.354	15.288
15.354	15.282
POLYLINE BLACK
30.144	-9.659
30.219	-9.809
30.369	-9.884
POLYLINE CONNECT
15.369	15.566
-4.596	11.057
POLYLINE BLACK
-4.626	5.636
-4.656	5.651
POLYLINE BLACK
-6.126	1.826
POLYLINE BLACK
-4.836	-0.574
-4.986	-0.214
-4.956	-0.394
-4.806	-0.964
-4.746	-0.874
POLYLINE BLACK
-10.866	0.626
-10.146	0.476
-9.936	0.446
-10.116	0.446
-10.386	0.506
-10.146	0.476
-10.206	0.506
-10.266	0.476
-10.356	0.506
-10.296	0.476
-10.116	0.476
-9.996	0.446
-10.566	0.596
-10.656	0.596
-10.536	0.536
-9.726	0.326
-9.816	0.326
-10.356	0.506
-10.746	0.596
POLYLINE BLACK
-11.106	1.046
POLYLINE BLACK
-11.226	0.806
POLYLINE BLACK
-9.816	8.456
-9.456	7.976
-9.666	8.336
-9.846	8.636
-9.876	8.756
-9.906	8.876
-9.906	9.176
-9.816	9.446
-9.786	9.566
-9.636	9.806
-9.636	9.866
-9.126	10.376
-9.096	10.496
-8.976	10.706
-8.916	10.736
POLYLINE BLACK
-16.656	7.436
-16.686	7.496
-16.626	7.616
-16.626	7.706
-16.446	7.826
-16.206	7.856
-15.906	7.916
-15.726	7.916
-15.606	7.946
-15.366	7.976
-15.246	7.976
-15.096	7.946
-14.916	7.946
-14.676	7.826
-14.496	7.856
-14.466	7.796
-14.406	7.826
-14.346	7.796
-14.226	7.826
-14.046	7.826
-13.986	7.886
-13.926	7.826
-13.806	7.856
-13.686	7.856
-13.626	7.826
-13.566	7.856
-13.386	7.796
-13.326	7.826
-13.266	7.766
-13.206	7.766
-13.146	7.826
-13.086	7.796
-13.026	7.826
-12.966	7.766
-12.846	7.796
-12.636	7.796
-12.576	7.856
-12.456	7.856
-12.396	7.916
-12.336	7.886
-11.976	8.126
-11.856	8.156
-11.616	8.276
-11.496	8.306
-11.196	8.486
-11.076	8.546
-11.016	8.516
-10.776	8.576
-10.656	8.576
-10.596	8.546
-10.536	8.576
-10.356	8.516
-10.296	8.516
-10.056	8.366
-9.936	8.336
-9.756	8.216
-9.696	8.216
POLYLINE BLACK
-26.821	-2.069
-26.821	-2.109
-26.861	-2.149
-26.881	-2.329
-26.901	-2.449
-26.821	-2.469
-26.541	-2.429
-26.501	-2.429
-26.461	-2.389
-26.381	-2.389
-26.301	-2.409
-26.221	-2.409
-26.121	-2.529
-26.101	-2.609
-26.021	-2.609
-25.901	-2.709
-25.821	-2.729
-25.741	-2.709
-25.701	-2.729
-25.621	-2.709
-25.601	-2.669
-25.521	-2.689
-25.401	-2.689
-25.381	-2.649
-25.341	-2.649
-25.301	-2.609
-25.321	-2.449
-25.221	-2.349
-25.101	-2.289
-25.061	-2.289
-25.061	-2.069
-25.081	-1.989
-25.081	-1.829
-25.121	-1.749
-25.201	-1.749
-25.281	-1.709
-25.401	-1.769
-25.641	-1.809
-25.681	-1.829
-25.761	-1.809
-25.921	-1.809
-26.001	-1.829
-26.561	-1.829
-26.601	-1.849
-26.681	-1.829
-26.801	-1.909
-26.801	-1.949
POLYLINE CONNECT
-25.501	-2.269
-8.907	6.746
POLYLINE BLACK
-8.401	6.631
-8.301	6.731
POLYLINE BLACK
-8.201	6.131
POLYLINE BLACK
-8.401	6.131
-8.351	6.081
-8.251	6.031
POLYLINE BLACK
-8.851	6.531
-8.751	6.581
POLYLINE BLACK
-10.061	7.641
-10.301	7.501
-10.341	7.501
-10.441	7.441
-10.521	7.421
-10.821	7.221
-10.901	7.221
-10.981	7.161
-11.061	7.141
-11.261	7.021
-11.341	7.001
-11.521	6.921
-11.561	6.921
-11.701	6.841
-11.781	6.841
-11.821	6.821
-11.721	6.861
-11.641	6.841
-11.501	6.881
-11.421	6.861
-11.301	6.821
-11.221	6.841
-11.181	6.801
-11.081	6.801
-11.041	6.821
-11.001	6.801
-10.961	6.821
-10.881	6.801
-10.661	6.821
-10.521	6.821
-10.441	6.801
-10.401	6.821
-10.261	6.801
-9.961	6.801
-9.881	6.781
-9.801	6.781
-9.761	6.761
-9.681	6.781
-9.681	6.861
-9.741	6.941
-9.741	6.981
-9.861	7.261
-9.881	7.361
-9.941	7.521
-9.961	7.701
-9.981	7.781
POLYLINE BLUE
-13.181	7.381
-13.261	7.421
-13.501	7.261
-13.701	7.161
-14.001	6.981
-14.021	6.941
-13.961	6.941
-13.921	6.981
-13.861	6.961
-13.741	6.961
-13.621	6.921
-13.581	6.941
-13.441	6.881
-13.261	7.201
-13.201	7.401
-13.341	7.101
POLYLINE BLUE
-10.941	7.561
-10.921	7.481
-10.941	7.361
-10.981	7.321
-11.001	7.241
-11.081	7.181
-11.181	7.201
-11.441	7.201
-11.781	7.321
-11.861	7.341
-12.141	7.121
-12.261	6.961
-12.421	6.881
-12.501	6.881
-12.561	6.941
-12.641	7.121
-12.861	7.221
-13.121	7.221
-13.221	7.201
-13.321	7.181
-13.501	7.101
-13.581	7.081
-13.621	7.041
POLYLINE BLACK
-14.201	6.521
-14.041	6.581
-13.921	6.561
-13.881	6.581
-13.841	6.561
-13.801	6.581
-13.721	6.561
-13.581	6.561
-13.541	6.541
-13.461	6.561
-13.421	6.541
-13.381	6.561
-13.341	6.541
-13.201	6.561
-13.121	6.561
-13.041	6.541
-12.881	6.541
-12.741	6.521
-12.621	6.541
-12.521	6.521
-12.401	6.501
-12.321	6.521
-12.221	6.501
-11.941	6.461
-11.701	6.461
-11.621	6.441
-11.521	6.441
-11.441	6.461
-11.361	6.441
-11.221	6.441
-11.141	6.421
-10.821	6.421
-10.741	6.401
-10.641	6.421
-10.401	6.381
-10.301	6.401
-10.221	6.381
-10.081	6.361
-10.001	6.381
-9.861	6.381
-9.741	6.341
-9.641	6.341
-9.461	6.301
-9.341	6.321
-9.261	6.301
-9.101	6.301
-9.061	6.281
-8.941	6.321
-8.861	6.301
-8.781	6.341
-8.701	6.321
POLYLINE BLACK
-14.581	-2.319
-14.581	-2.359
-14.661	-2.439
POLYLINE BLACK
-14.861	-2.339
-14.881	-2.479
-14.881	-2.519
POLYLINE BLACK
-14.461	-1.799
-14.521	-1.919
-14.521	-1.959
POLYLINE BLACK
-14.901	-1.879
-14.941	-2.059
POLYLINE BLACK
-14.381	-0.019
-14.301	-0.039
-14.201	-0.039
-14.121	-0.059
-14.041	-0.079
-13.921	-0.139
-13.721	-0.179
-13.641	-0.199
-13.561	-0.219
-13.481	-0.239
-13.321	-0.239
-13.281	-0.279
-13.201	-0.259
-13.081	-0.319
-13.001	-0.319
-12.961	-0.359
-12.881	-0.359
-12.801	-0.379
-12.761	-0.419
-12.641	-0.419
-12.481	-0.479
-12.141	-0.559
-12.061	-0.579
-12.061	-0.619
POLYLINE BLACK
-14.301	0.321
-14.181	0.281
-14.141	0.301
-13.981	0.221
-13.941	0.221
-13.701	0.061
-13.401	-0.039
-13.281	-0.079
-13.241	-0.059
-13.001	-0.139
-12.921	-0.159
-12.681	-0.219
-12.641	-0.259
-12.501	-0.259
-12.461	-0.299
-12.261	-0.339
-12.181	-0.339
-12.061	-0.419
-12.021	-0.399
POLYLINE BLACK
-14.381	0.121
-14.341	-0.079
-14.321	-0.239
-14.321	-0.439
-14.301	-0.539
-14.301	-0.959
-14.321	-1.039
-14.321	-1.159
-14.301	-1.219
-14.321	-1.299
-14.321	-1.459
POLYLINE BLACK
-14.881	-0.079
-14.821	-0.199
-14.861	-0.239
-14.861	-0.399
-14.841	-0.459
-14.861	-0.539
-14.841	-0.619
-14.841	-0.839
-14.821	-0.919
-14.821	-0.999
-14.841	-1.139
-14.841	-1.639
POLYLINE BLACK
-13.041	3.021
POLYLINE BLACK
-13.561	2.461
POLYLINE BLACK
-16.521	5.681
-16.541	5.721
-16.541	5.721
-16.481	5.641
-16.441	5.481
-16.361	5.221
-16.321	5.181
-16.301	5.001
-16.301	4.941
-16.201	4.701
-16.201	4.641
-16.021	4.141
-16.001	4.061
-15.961	4.021
-15.961	3.961
-15.901	3.841
-15.881	3.761
-15.821	3.601
-15.821	3.541
-15.781	3.421
-15.701	3.021
-15.661	2.861
-15.661	2.801
-15.621	2.681
-15.581	2.521
-15.521	2.361
-15.521	2.301
-15.441	2.061
-15.341	1.781
-15.341	1.721
-15.181	1.121
-15.141	0.941
-15.121	0.861
-15.101	0.781
-15.001	0.401
-14.921	0.201
-14.921	0.141
-14.861	-0.019
-14.841	-0.199
-14.821	-0.279
POLYLINE BLACK
-15.721	3.561
-15.701	3.481
-15.741	3.481
-15.761	3.381
-15.641	3.041
-15.541	2.821
-15.521	2.741
-15.461	2.581
-15.361	2.161
-15.301	2.001
-15.281	1.921
-15.261	1.841
-15.201	1.581
-15.181	1.481
-15.161	1.401
-15.121	1.241
-15.101	1.161
-15.081	1.061
-15.041	0.781
-14.941	0.461
-14.921	0.381
-14.841	0.121
-14.821	0.041
-14.801	-0.059
POLYLINE BLACK
-15.961	4.261
-16.001	4.281
-16.021	4.241
-15.981	4.201
-15.941	4.041
-15.861	3.821
-15.821	3.661
-15.741	3.501
-15.721	3.421
-15.601	3.161
-15.581	3.081
-15.561	3.001
-15.561	2.941
-15.501	2.821
-15.501	2.781
-15.461	2.781
POLYLINE BLACK
-16.021	5.861
-16.021	5.861
-15.961	5.741
-15.941	5.661
-15.801	5.241
-15.761	5.161
-15.761	5.101
-15.681	4.941
-15.681	4.881
-15.441	4.201
-15.361	3.961
-15.361	3.881
-15.321	3.701
-15.301	3.521
-15.261	3.361
-15.261	3.301
-15.201	3.141
-15.181	3.061
-15.141	2.941
-15.101	2.901
-15.101	2.841
-15.041	2.761
-15.021	2.681
-14.981	2.641
-14.961	2.541
-14.841	2.201
-14.821	2.121
-14.721	1.841
-14.701	1.761
-14.561	1.281
-14.441	1.001
-14.421	0.921
-14.321	0.581
-14.321	0.461
POLYLINE BLACK
-15.261	4.961
-15.301	5.001
-15.241	4.741
-15.221	4.661
-15.181	4.621
-15.161	4.521
-15.121	4.361
-15.121	4.061
-15.101	3.981
-15.101	3.901
-15.041	3.721
-15.021	3.641
-14.981	3.521
-14.981	3.461
-14.921	3.301
-14.921	3.241
-14.901	3.161
-14.901	3.041
-14.881	2.961
-14.881	2.881
-14.841	2.721
-14.801	2.501
-14.761	2.281
-14.681	1.941
-14.541	1.501
-14.541	1.421
-14.481	1.201
-14.361	0.821
-14.341	0.741
-14.301	0.621
-14.261	0.441
POLYLINE BLACK
-15.201	4.961
-15.161	4.801
-15.101	4.641
-15.101	4.541
-15.041	4.381
-15.041	4.301
POLYLINE BLACK
-16.601	18.751
-16.581	18.731
-16.581	18.751
-16.561	18.701
-16.471	18.591
-16.351	18.391
-16.331	18.341
-16.311	18.321
-16.301	18.281
-16.261	18.191
-16.261	18.171
-16.231	18.131
-16.231	18.251
-16.221	18.321
-16.261	18.531
-16.281	18.641
-16.291	18.731
-16.301	18.811
-16.301	18.871
-16.291	18.911
-16.321	18.881
-16.361	18.881
-16.421	18.831
-16.461	18.831
-16.541	18.781
-16.581	18.771
POLYLINE BLACK
-18.811	15.281
-18.761	15.291
-18.651	15.331
-18.601	15.341
-18.511	15.381
-18.421	15.381
-18.401	15.401
-18.361	15.411
-18.321	15.451
-18.291	15.451
-18.231	15.471
-18.201	15.471
-18.161	15.481
-18.141	15.481
-18.131	15.501
-18.121	15.461
-18.111	15.381
-18.111	15.341
-18.101	15.301
-18.111	15.261
-18.111	15.221
-18.131	15.131
-18.171	15.141
-18.211	15.151
-18.281	15.171
-18.351	15.211
-18.401	15.221
-18.481	15.241
-18.591	15.261
-18.631	15.261
-18.671	15.291
-18.691	15.281
-18.751	15.321
-18.811	15.301
POLYLINE BLACK
-16.321	16.301
-16.401	16.171
-16.431	16.101
-16.481	16.041
-16.551	15.921
-16.561	15.881
-16.521	15.921
-16.471	15.951
-16.431	15.991
-16.411	15.991
-16.331	16.071
-16.191	16.161
-16.171	16.181
-16.201	16.231
-16.241	16.291
-16.271	16.321
-16.281	16.341
POLYLINE BLACK
-20.131	12.691
-20.191	12.661
-20.221	12.661
-20.206	12.721
-20.206	12.841
-20.266	13.036
-20.266	13.096
-20.281	13.156
-20.296	13.231
-20.311	13.291
-20.311	13.321
-20.341	13.381
-20.341	13.456
-20.386	13.636
-20.386	13.696
-20.416	13.816
-20.416	13.876
-20.431	13.936
-20.431	14.206
-20.401	14.266
-20.401	14.356
-20.446	14.446
-20.446	14.506
-20.431	14.566
POLYLINE BLACK
-19.936	12.646
-19.891	12.511
-19.966	12.511
-19.951	12.481
-19.951	12.436
-19.966	12.406
POLYLINE BLACK
-15.826	3.136
-15.856	3.121
POLYLINE BLACK
-15.731	2.966
POLYLINE BLACK
-17.031	6.886
-17.031	6.626
-16.991	6.806
-16.991	6.846
-16.951	6.826
-16.911	6.726
-16.871	6.686
-16.851	6.526
-16.851	6.486
-17.011	6.486
-17.051	6.526
POLYLINE BLACK
-16.031	6.966
-16.051	6.866
-16.051	6.826
-16.011	7.006
-15.971	7.006
-15.871	6.886
-15.871	6.846
-15.911	6.846
-15.991	6.806
POLYLINE BLACK
-16.451	6.986
-16.311	6.806
-16.311	6.686
-16.291	6.786
-16.291	6.866
-16.271	6.906
-16.231	6.886
-16.191	6.606
-16.171	6.566
-16.271	6.586
-16.351	6.546
POLYLINE BLACK
-14.371	6.566
-14.291	6.546
-14.431	6.246
-14.451	6.146
-14.591	5.786
-14.651	5.686
-14.651	5.646
-14.891	5.326
-15.251	4.966
POLYLINE BLACK
-25.171	5.466
-25.191	5.046
-25.171	5.006
-25.211	4.946
-25.211	4.786
-25.251	4.626
-25.231	4.466
-25.251	4.386
-25.231	4.306
-25.231	3.986
POLYLINE BLACK
-25.151	5.846
POLYLINE BLACK
-23.211	4.746
-23.291	4.966
-23.411	5.066
-23.651	5.166
-23.691	5.206
-23.771	5.206
-23.931	5.246
-24.091	5.266
-24.331	5.266
-24.411	5.226
-24.451	5.246
-24.531	5.226
-24.631	5.226
-24.671	5.206
-24.751	5.226
-24.791	5.206
-24.871	5.226
-24.951	5.206
-25.031	5.166
-25.091	5.106
-25.131	5.126
POLYLINE BLACK
-24.371	3.826
-24.371	3.786
-24.211	3.766
-24.011	3.806
-23.971	3.786
-23.851	3.826
-23.811	3.866
-23.731	3.866
-23.651	3.906
-23.611	4.026
-23.571	4.066
-23.531	4.046
-23.451	4.106
-23.411	4.066
-23.371	4.106
-23.331	4.106
-23.211	4.186
-23.171	4.186
-23.071	4.286
-22.991	4.306
-22.811	4.346
-22.731	4.366
-22.571	4.406
-22.531	4.406
-22.551	4.506
-22.591	4.546
-22.671	4.546
-22.851	4.486
-22.891	4.506
-22.971	4.486
-23.091	4.566
-23.211	4.726
-23.191	4.806
-23.211	4.846
POLYLINE BLACK
-24.451	3.946
POLYLINE BLACK
-25.051	4.066
-25.111	4.006
-25.151	3.786
-25.151	3.546
-25.131	3.466
-25.151	3.386
-25.151	3.086
-25.111	3.006
-24.951	2.946
-24.911	2.986
-24.871	2.986
-24.831	3.026
-24.751	3.006
-24.711	3.046
-24.671	3.006
-24.571	3.066
-24.491	3.226
-24.491	3.386
-24.511	3.466
-24.431	3.706
-24.491	3.966
-24.511	4.046
POLYLINE BLACK
-24.891	4.246
-24.831	3.826
-24.851	3.746
POLYLINE CONNECT
-24.861	4.116
-16.842	7.262
POLYLINE BLACK
-17.491	6.926
-17.476	6.896
-17.416	6.866
-17.251	6.566
-17.176	6.446
-17.101	6.356
-17.101	6.311
-17.026	6.191
-16.831	5.951
-16.816	5.921
-16.786	5.906
-16.666	5.756
-16.636	5.756
-16.546	5.681
POLYLINE BLACK
-14.326	6.521
POLYLINE BLACK
-16.036	5.876
-16.036	5.846
-16.096	5.801
-16.126	5.801
-16.126	5.831
-16.096	5.861
-16.096	5.891
-16.066	5.921
-16.066	5.966
-16.036	6.056
-16.036	6.161
-16.021	6.191
POLYLINE BLACK
-16.051	6.056
POLYLINE BLACK
-15.721	7.181
-15.691	7.121
-15.721	7.061
-15.721	6.821
-15.766	6.686
-15.766	6.656
-15.811	6.596
-15.811	6.566
-15.886	6.446
-15.886	6.416
-15.916	6.386
-15.916	6.326
-15.931	6.266
-15.931	6.236
-16.021	6.056
POLYLINE BLACK
-15.616	9.446
POLYLINE BLACK
-19.636	6.386
-19.606	6.386
POLYLINE BLACK
-17.176	7.241
-17.206	7.226
-17.266	7.241
-17.356	7.241
-17.386	7.256
-17.446	7.241
-17.476	7.241
-17.506	7.256
-17.566	7.241
-17.761	7.241
-17.791	7.226
-17.791	7.226
-17.716	7.211
-17.656	7.196
-17.641	7.166
-17.611	7.151
-17.596	7.121
-17.536	7.106
-17.446	7.181
-17.386	7.226
-17.356	7.226
-17.296	7.271
-17.266	7.271
POLYLINE BLACK
-17.566	7.751
-17.521	7.811
-17.491	7.811
-17.326	7.751
-17.236	7.676
-17.041	7.586
-17.011	7.586
-17.011	7.556
-17.056	7.421
-17.101	7.421
-17.131	7.451
-17.161	7.451
-17.341	7.571
-17.371	7.571
POLYLINE BLACK
-17.656	7.826
-17.536	7.796
-17.416	7.646
-17.386	7.646
-17.326	7.616
-17.296	7.616
-17.266	7.601
-17.206	7.616
POLYLINE BLACK
-18.706	8.081
-18.691	8.021
-18.541	7.901
-18.421	7.751
-18.361	7.706
-18.346	7.676
-18.316	7.661
-18.196	7.511
-18.181	7.466
-18.151	7.451
-18.136	7.421
-18.106	7.406
-18.031	7.316
-17.941	7.256
-17.671	7.016
-17.656	6.986
-17.626	6.986
-17.596	6.941
-17.491	6.896
-17.371	6.821
-17.311	6.791
-17.311	6.761
POLYLINE BLACK
-18.226	8.561
-18.166	8.531
-18.001	8.351
-18.001	8.321
-17.881	8.216
-17.866	8.186
-17.746	8.096
-17.716	8.096
-17.686	8.051
-17.506	7.931
-17.461	7.871
-17.416	7.886
-17.401	7.856
-17.341	7.826
-17.326	7.796
-17.206	7.721
-17.176	7.691
-17.146	7.706
-17.026	7.631
-16.906	7.571
-16.846	7.571
-16.786	7.526
-16.786	7.496
POLYLINE BLACK
-18.721	8.531
-18.721	8.321
-18.676	8.261
-18.646	8.261
-18.646	8.261
-18.706	8.486
-18.796	8.681
-18.796	8.711
-18.811	8.741
-18.811	8.786
-18.721	8.846
-18.691	8.831
-18.661	8.846
-18.511	8.726
-18.481	8.711
-18.436	8.651
-18.406	8.636
-18.391	8.606
-18.361	8.591
-18.376	8.561
-18.496	8.456
-18.556	8.336
-18.556	8.306
-18.496	8.351
-18.466	8.396
-18.346	8.501
-18.331	8.531
POLYLINE BLUE
-19.141	9.851
-19.171	9.866
-19.186	9.896
-19.186	9.701
-19.171	9.641
-19.171	9.641
-19.186	9.806
-19.261	10.076
-19.276	10.136
-19.246	10.151
-19.126	10.091
-19.066	10.046
-18.886	9.806
-18.871	9.776
POLYLINE BLUE
-18.511	8.696
-18.541	8.711
-18.571	8.696
-18.601	8.711
-18.601	9.041
-18.616	9.086
-18.646	9.101
-18.796	9.056
-18.826	9.071
-18.856	9.131
-18.856	9.161
-18.781	9.371
-18.781	9.431
-18.946	9.566
-19.006	9.611
-19.066	9.776
-19.096	9.821
-19.201	9.881
-19.201	9.911
POLYLINE BLACK
-19.501	11.896
-19.521	11.816
-19.381	11.536
-19.321	11.456
-19.241	11.276
-19.221	11.196
-19.121	10.896
-19.101	10.816
-19.041	10.736
-18.921	10.476
-18.901	10.396
-18.821	10.236
-18.821	10.176
-18.781	10.136
-18.761	10.056
-18.601	9.736
-18.601	9.696
-18.541	9.616
-18.481	9.436
-18.381	9.196
-18.361	9.116
-18.301	8.956
-18.301	8.876
-18.281	8.776
-18.301	8.696
-18.241	8.556
POLYLINE BLACK
-19.901	10.996
-20.041	10.996
-20.081	11.016
-20.001	10.796
-19.741	10.436
-19.701	10.296
-19.661	10.256
-19.661	10.216
-19.481	9.916
-19.381	9.756
-19.341	9.716
-19.341	9.596
-19.201	9.356
-19.081	9.016
-19.081	8.956
-18.921	8.576
-18.901	8.496
-18.821	8.336
-18.801	8.256
-18.761	8.076
POLYLINE BLACK
-30.771	8.366
-30.451	8.446
-30.371	8.446
-30.331	8.426
-30.251	8.446
-30.211	8.446
-30.171	8.486
-30.171	8.546
-30.151	8.626
-30.131	8.706
-30.091	8.846
-30.091	8.926
-30.051	9.086
-30.011	9.246
-30.031	9.386
-30.011	9.466
-30.011	9.666
-30.051	9.846
-30.071	9.926
-30.171	10.086
-30.371	10.126
-30.491	10.146
-30.611	10.106
-30.671	10.026
-30.691	9.866
-30.691	9.706
-30.671	9.606
-30.691	9.526
-30.691	9.406
-30.711	9.366
-30.691	9.286
-30.691	9.106
-30.651	8.946
-30.611	8.746
-30.591	8.566
-30.571	8.446
POLYLINE BLACK
-26.331	3.266
POLYLINE CONNECT
-30.461	9.866
-19.605	11.585
POLYLINE BLACK
-19.761	10.166
-19.806	10.181
-19.716	10.151
POLYLINE BLACK
-20.976	10.886
-20.991	10.856
-21.021	10.856
-21.081	10.811
-21.126	10.811
-21.156	10.796
-21.171	10.766
-21.201	10.766
POLYLINE BLACK
-20.586	11.126
-20.586	11.006
-20.676	10.961
-20.721	10.961
-20.751	10.946
POLYLINE BLACK
-20.211	11.051
-20.211	11.021
-20.241	11.021
-20.346	10.991
-20.376	10.991
POLYLINE BLACK
-20.691	11.126
-20.721	11.141
-20.961	11.066
-20.991	11.036
-21.051	11.036
-21.096	10.976
POLYLINE BLACK
-20.271	11.456
-20.301	11.456
-20.496	11.396
-20.526	11.381
POLYLINE BLUE
-21.246	12.941
-21.276	12.986
-21.276	13.106
-21.246	13.211
POLYLINE BLUE
-21.336	12.986
-21.276	12.896
-21.306	12.896
-21.471	13.016
-21.546	13.136
-21.486	13.121
-21.441	13.121
-21.291	13.166
-21.261	13.166
-21.231	13.181
-21.171	13.166
POLYLINE BLUE
-20.496	12.761
-20.496	12.731
-20.556	12.746
-20.586	12.776
-20.616	12.776
-20.646	12.761
-20.676	12.776
-20.736	12.911
-20.766	12.941
-20.796	12.941
-20.916	12.911
-20.946	12.911
-21.006	12.881
-21.036	12.881
-21.066	12.896
-21.111	13.001
-21.111	13.031
-21.141	13.031
-21.171	13.046
-21.216	13.016
-21.246	13.016
-21.366	12.956
-21.396	12.956
POLYLINE BLUE
-20.076	12.131
-20.106	12.116
-20.106	12.146
-20.121	12.176
-20.121	12.281
-20.091	12.416
-20.031	12.416
-19.926	12.341
-19.896	12.341
POLYLINE BLUE
-19.626	11.246
-19.716	11.321
-19.731	11.351
-19.761	11.366
-19.806	11.456
-19.806	11.561
-19.776	11.651
-19.806	11.756
-19.866	11.816
-19.881	11.861
-19.971	11.936
-19.971	11.966
-19.926	12.026
-19.926	12.056
-19.911	12.116
-19.971	12.206
-20.001	12.221
POLYLINE BLACK
-20.706	13.046
-20.826	13.046
-20.946	13.121
POLYLINE BLACK
-20.301	12.761
-20.391	12.791
-20.451	12.851
POLYLINE BLACK
-20.781	12.551
-20.871	12.581
-20.916	12.581
-21.081	12.641
-21.111	12.641
POLYLINE BLACK
-20.376	12.356
-20.406	12.356
-20.436	12.386
-20.511	12.386
-20.571	12.416
POLYLINE BLACK
-19.536	11.921
-19.536	11.891
-19.551	11.831
-19.551	11.696
-19.566	11.666
POLYLINE BLACK
-19.536	11.741
-19.566	11.801
-19.566	11.921
-19.551	11.981
-19.551	12.101
-19.566	12.161
-19.566	12.971
-19.551	13.046
-19.551	13.346
-19.536	13.406
-19.536	13.496
-19.521	13.556
-19.521	13.586
-19.461	13.811
-19.431	13.901
-19.431	13.946
-19.416	14.006
-19.416	14.036
-19.386	14.126
-19.386	14.261
-19.371	14.321
-19.371	14.351
-19.341	14.471
-19.341	14.516
-19.311	14.591
POLYLINE BLACK
-20.226	12.281
-20.211	12.221
-20.211	12.161
-20.226	12.101
-20.211	12.071
-20.211	12.026
-20.151	11.861
-20.151	11.831
-20.121	11.711
-20.121	11.681
-20.106	11.651
-20.106	11.606
-20.091	11.546
POLYLINE BLACK
-17.331	14.831
-17.286	14.891
-17.136	14.966
-17.076	15.011
-17.046	15.071
-17.016	15.086
-16.941	15.176
-16.851	15.251
-16.641	15.491
-16.521	15.581
-16.506	15.611
-16.416	15.671
-16.296	15.746
-16.236	15.791
POLYLINE BLACK
-19.296	14.531
-19.266	14.411
-19.266	14.441
-19.236	14.501
-19.206	14.501
-19.056	14.681
-18.906	14.786
-18.876	14.786
-18.756	14.816
-18.726	14.816
-18.666	14.831
-18.576	14.831
-18.516	14.816
-18.486	14.816
-18.456	14.831
-18.336	14.786
-18.306	14.801
-18.246	14.771
-18.081	14.771
-18.021	14.756
-17.961	14.756
-17.931	14.741
-17.871	14.756
-17.841	14.756
-17.811	14.771
-17.751	14.756
-17.661	14.786
-17.601	14.771
-17.571	14.786
-17.526	14.786
-17.406	14.816
-17.376	14.816
-17.346	14.846
-17.271	14.846
-17.211	14.891
-17.181	14.891
-17.076	14.966
-17.046	14.966
POLYLINE BLACK
-20.346	14.591
-20.346	14.576
-20.346	14.621
-20.196	14.921
-20.166	14.951
-20.166	14.981
-20.136	15.056
-20.106	15.071
-19.986	15.251
-19.911	15.371
-19.866	15.401
-19.836	15.476
-19.791	15.536
-19.686	15.596
-19.566	15.656
-19.536	15.656
-19.386	15.836
-19.326	15.836
-19.296	15.851
-19.266	15.836
-19.236	15.851
-19.176	15.836
-19.146	15.806
-19.116	15.806
-19.056	15.776
-18.936	15.776
-18.906	15.761
-18.876	15.776
-18.846	15.761
-18.786	15.791
-18.726	15.791
-18.606	15.821
-18.576	15.806
-18.516	15.836
-18.456	15.836
-18.336	15.866
-18.306	15.866
-18.276	15.881
-18.231	15.881
-18.171	15.896
-18.051	15.896
-17.991	15.881
-17.811	15.881
-17.781	15.866
-17.721	15.881
-17.661	15.866
-17.631	15.896
-17.601	15.896
-17.571	15.881
-17.526	15.881
-17.496	15.896
-17.436	15.881
-17.316	15.881
-17.286	15.896
-17.256	15.866
-17.226	15.866
-17.166	15.896
-17.136	15.896
-17.076	15.911
-17.046	15.911
-16.956	15.956
-16.926	15.956
-16.806	16.061
-16.776	16.061
-16.761	16.091
-16.671	16.151
POLYLINE BLACK
-15.201	13.121
POLYLINE BLACK
-16.671	13.721
POLYLINE BLACK
-16.746	11.801
POLYLINE BLACK
-16.797	16.270
-16.767	16.195
-16.737	16.180
-16.467	16.390
-16.437	16.405
-16.422	16.450
-16.332	16.510
-16.302	16.555
-16.182	16.630
-16.167	16.660
POLYLINE BLACK
-15.882	16.195
-15.867	16.165
-15.927	16.150
-16.017	16.075
-16.107	16.000
-16.137	16.000
-16.242	15.850
-16.332	15.790
POLYLINE BLACK
-15.532	16.530
-15.512	16.490
-15.432	16.490
-15.192	16.390
-15.152	16.350
-15.092	16.350
-15.052	16.310
-14.912	16.330
-14.832	16.290
POLYLINE BLACK
-15.112	16.750
-14.932	16.670
-14.752	16.650
-14.712	16.630
-14.672	16.650
POLYLINE BLACK
-15.612	16.510
-15.592	16.430
-15.652	16.310
-15.652	16.270
-15.732	16.150
-15.812	16.090
-15.892	16.070
-15.932	16.050
POLYLINE BLACK
-15.612	16.430
-15.612	16.390
POLYLINE BLACK
-17.632	16.550
-17.552	16.510
-17.412	16.510
-17.372	16.530
-17.292	16.490
-17.212	16.510
-17.032	16.530
-16.952	16.550
-16.912	16.530
-16.832	16.550
-16.752	16.550
-16.712	16.570
-16.632	16.550
-16.552	16.550
-16.512	16.570
-16.432	16.550
-16.352	16.570
-16.272	16.550
-16.192	16.570
-16.112	16.550
POLYLINE BLACK
-17.432	19.610
-17.432	19.550
-17.452	19.470
-17.452	19.270
-17.412	19.150
-17.412	19.090
-17.372	18.970
-17.372	18.890
-17.352	18.810
-17.332	18.710
-17.312	18.630
-17.292	18.550
-17.212	18.330
-17.172	18.170
POLYLINE BLACK
-17.192	18.210
-16.272	17.150
-16.232	16.610
-16.132	16.490
POLYLINE BLACK
-16.552	17.010
-16.432	16.830
-16.332	16.630
-16.272	16.610
-16.212	16.510
-16.252	16.630
-16.212	16.590
POLYLINE BLACK
-22.912	16.090
-22.932	16.050
-22.812	16.130
-22.632	16.150
-22.592	16.170
-22.412	16.130
-22.152	16.210
-22.032	16.210
-21.992	16.190
-21.872	16.230
-21.832	16.210
-21.752	16.250
-21.672	16.230
-21.592	16.250
-21.512	16.290
-21.432	16.270
-21.352	16.250
-21.272	16.270
-21.232	16.310
-21.112	16.290
-21.072	16.310
-20.912	16.250
-20.832	16.330
-20.792	16.310
-20.712	16.330
-20.652	16.330
-20.572	16.350
-20.452	16.350
-20.412	16.390
-20.292	16.350
-20.212	16.350
-20.172	16.330
-20.092	16.350
-19.932	16.330
-19.852	16.350
-19.772	16.330
-19.712	16.330
-19.632	16.290
-19.552	16.310
-19.472	16.290
-19.432	16.270
-19.272	16.330
-18.992	16.330
-18.892	16.350
-18.812	16.330
-18.732	16.350
-18.692	16.370
-18.612	16.350
-18.492	16.390
-18.372	16.370
-18.332	16.410
-18.292	16.390
-18.272	16.430
-18.152	16.430
-18.112	16.450
-18.072	16.430
-17.972	16.470
-17.932	16.450
-17.852	16.470
-17.772	16.490
-17.692	16.510
-17.612	16.490
-17.492	16.570
-17.412	16.570
-17.392	16.610
-17.272	16.590
-17.232	16.630
POLYLINE BLACK
-22.932	16.990
-22.852	16.990
-22.772	16.970
-22.652	16.970
-22.572	16.990
-22.492	17.010
-22.372	16.970
-22.332	16.990
-22.252	16.970
-22.172	17.010
-22.032	17.010
-21.992	17.030
-21.952	17.010
-21.872	17.030
-21.792	17.030
-21.752	17.050
-21.712	17.030
-21.592	17.070
-21.552	17.030
-21.472	17.050
-21.392	17.030
-21.312	17.010
-21.232	17.030
-21.192	16.990
-21.112	17.030
-21.032	17.010
-20.732	17.010
-20.692	17.030
-20.612	17.010
-20.452	17.010
-20.412	16.990
-20.332	17.010
-20.172	16.990
-20.092	17.010
-20.012	16.990
-19.832	17.030
-19.792	17.010
-19.712	17.030
-19.252	17.030
-19.172	17.050
-19.092	17.050
-18.932	17.110
-18.852	17.110
-18.772	17.130
-18.652	17.130
-18.612	17.150
-18.572	17.130
-18.492	17.150
-18.412	17.130
-18.332	17.150
-18.212	17.170
-18.132	17.150
-17.952	17.190
-17.912	17.170
-17.872	17.190
-17.792	17.170
-17.752	17.190
-17.672	17.170
-17.592	17.170
-17.552	17.190
-17.472	17.170
-17.392	17.190
-17.312	17.150
-17.272	17.170
-17.192	17.130
-17.052	17.130
-16.972	17.110
-16.852	17.110
-16.732	17.070
-16.572	17.030
-16.492	17.010
-16.412	16.990
-16.252	16.910
POLYLINE BLACK
-19.232	18.990
POLYLINE BLACK
-17.932	17.330
POLYLINE BLACK
-15.492	16.455
-15.482	16.435
-15.522	16.435
-15.592	16.425
-15.632	16.415
-15.652	16.405
-15.672	16.415
-15.692	16.405
-15.712	16.415
-15.812	16.385
-15.832	16.395
-15.852	16.385
-15.872	16.395
-15.912	16.385
-15.932	16.395
-15.952	16.385
-15.992	16.395
-16.032	16.405
-16.052	16.395
-16.092	16.405
-16.132	16.395
POLYLINE BLACK
-15.582	17.255
-15.462	17.155
-15.372	17.065
-15.342	17.015
-15.202	16.875
-15.042	16.675
POLYLINE BLACK
-15.652	17.345
-15.572	17.225
POLYLINE BLACK
-16.362	19.905
-16.312	19.945
-16.272	19.915
-16.252	19.925
-16.152	19.845
-15.932	19.665
-15.842	19.565
-15.822	19.565
-15.772	19.515
-15.752	19.465
-15.692	19.385
-15.662	19.335
-15.622	19.285
-15.622	19.265
-15.592	19.225
-15.572	19.145
-15.542	19.035
-15.532	18.945
-15.522	18.855
-15.512	18.815
-15.512	18.755
-15.532	18.695
-15.532	18.645
-15.552	18.575
-15.632	18.475
-15.632	18.455
-15.672	18.435
-15.712	18.345
-15.722	18.255
-15.732	18.215
-15.732	18.065
-15.742	18.025
-15.742	17.955
-15.752	17.915
-15.752	17.755
-15.732	17.685
-15.712	17.575
-15.682	17.455
-15.662	17.335
-15.632	17.295
-15.622	17.255
-15.612	17.215
-15.612	17.235
POLYLINE BLACK
-16.322	17.135
-16.282	17.055
-16.282	16.985
-16.292	16.965
POLYLINE BLACK
-16.332	17.155
-16.332	17.125
-16.292	17.085
-16.292	17.025
POLYLINE BLACK
-16.817	20.568
-16.824	20.540
-16.824	20.526
-16.796	20.463
-16.796	20.449
-16.789	20.421
-16.789	20.407
-16.782	20.379
-16.782	20.351
-16.789	20.323
-16.789	20.309
-16.796	20.295
-16.796	20.274
-16.824	20.232
-16.824	20.218
-16.873	20.120
-16.887	20.106
-16.887	20.092
-16.908	20.078
-16.978	19.994
-17.041	19.917
-17.125	19.833
-17.167	19.777
-17.188	19.770
-17.272	19.700
-17.328	19.658
-17.384	19.616
-17.426	19.581
-17.440	19.581
POLYLINE BLACK
-16.278	19.924
-16.278	19.875
-16.292	19.882
-16.306	19.910
-16.306	19.938
-16.278	20.015
-16.278	20.029
-16.229	20.113
-16.152	20.267
-16.138	20.267
-16.131	20.281
-16.117	20.288
-16.068	20.358
-16.054	20.365
POLYLINE BLACK
-14.269	22.878
-14.220	22.843
-14.206	22.843
-14.241	22.899
-14.318	22.920
-14.290	22.871
-14.318	22.857
-14.332	22.864
-14.346	22.850
-14.374	22.857
-14.402	22.850
-14.430	22.857
-14.528	22.829
-14.556	22.822
-14.570	22.822
-14.598	22.815
-14.612	22.815
-14.626	22.822
-14.654	22.815
-14.668	22.815
-14.696	22.801
-14.724	22.808
-14.752	22.808
-14.780	22.787
-14.794	22.794
-14.808	22.787
-14.857	22.787
-14.885	22.766
-14.913	22.766
-14.941	22.759
-14.955	22.766
-15.025	22.738
-15.039	22.745
-15.053	22.731
-15.095	22.731
-15.151	22.717
-15.165	22.717
-15.172	22.703
-15.186	22.703
-15.200	22.696
-15.214	22.703
-15.221	22.689
-15.249	22.682
-15.263	22.668
-15.277	22.668
-15.291	22.675
-15.305	22.661
-15.375	22.661
-15.403	22.633
-15.417	22.633
-15.445	22.619
-15.487	22.619
-15.515	22.598
-15.529	22.598
-15.557	22.605
-15.613	22.577
-15.676	22.570
-15.732	22.556
-15.746	22.542
-15.760	22.549
-15.802	22.514
-15.816	22.521
POLYLINE BLACK
-14.451	22.626
-14.416	22.577
-14.388	22.556
-14.381	22.542
-14.409	22.535
-14.437	22.535
-14.451	22.521
-14.465	22.521
-14.521	22.500
-14.535	22.507
-14.570	22.493
-14.584	22.493
-14.598	22.500
-14.612	22.479
-14.626	22.479
-14.654	22.458
-14.682	22.458
-14.766	22.409
-14.780	22.402
-14.787	22.388
-14.815	22.374
-14.829	22.374
-14.871	22.339
-14.906	22.283
-14.948	22.248
-14.962	22.248
-15.004	22.220
-15.011	22.206
-15.039	22.185
-15.067	22.143
-15.081	22.136
-15.088	22.122
-15.109	22.136
POLYLINE GREEN
-16.495	21.310
POLYLINE BLACK
-16.803	20.589
-16.803	20.575
-16.796	20.561
-16.768	20.631
-16.768	20.673
-16.740	20.715
-16.740	20.729
-16.712	20.771
-16.691	20.820
-16.663	20.862
-16.635	20.904
-16.635	20.918
-16.614	20.967
-16.614	20.981
-16.586	21.044
-16.516	21.142
-16.481	21.198
-16.481	21.212
-16.460	21.254
-16.418	21.317
-16.404	21.352
-16.355	21.422
-16.348	21.457
-16.299	21.555
-16.292	21.590
-16.257	21.646
-16.250	21.667
-16.180	21.772
-16.173	21.786
-16.145	21.807
-16.138	21.828
-16.096	21.863
-16.068	21.905
-16.054	21.919
-16.040	21.954
-16.026	21.961
-16.005	21.989
-15.970	22.073
-15.956	22.087
-15.956	22.101
-15.907	22.185
-15.879	22.262
-15.851	22.318
-15.823	22.360
-15.816	22.388
-15.816	22.402
-15.802	22.437
-15.802	22.451
-15.816	22.493
-15.858	22.521
-15.865	22.535
POLYLINE BLACK
-15.165	22.073
-15.165	22.059
-15.193	22.080
-15.207	22.080
-15.221	22.087
-15.228	22.073
-15.263	22.066
-15.270	22.045
-15.298	22.003
-15.319	21.961
-15.375	21.877
-15.424	21.779
-15.417	21.744
-15.403	21.730
-15.403	21.716
-15.389	21.709
-15.361	21.646
-15.361	21.618
-15.354	21.590
-15.354	21.534
-15.347	21.499
-15.347	21.443
-15.361	21.415
-15.361	21.401
-15.382	21.345
-15.382	21.331
-15.396	21.303
-15.396	21.261
-15.368	21.205
-15.361	21.170
-15.333	21.100
-15.312	21.072
-15.312	21.058
-15.305	21.030
-15.305	21.016
-15.326	20.974
-15.368	20.939
-15.382	20.939
-15.508	20.855
-15.550	20.827
-15.557	20.813
-15.571	20.813
-15.655	20.771
-15.683	20.750
-15.690	20.736
-15.816	20.631
-15.851	20.575
-15.900	20.519
-15.914	20.512
-15.949	20.456
-15.963	20.442
-15.970	20.421
-15.984	20.414
-16.033	20.309

ELEVATION
STATIONS
36.023	-11.651	10.0
38.128	-11.047	10.1
39.087	-10.432	10.2
42.100	-11.702	10.3
48.993	-11.278	10.4
43.247	-13.971	10.5
47.394	-15.944	10.6
50.311	-15.578	10.7
54.027	-15.606	10.8
56.003	-14.896	10.9
63.709	-14.646	10.10
65.858	-14.429	10.11
63.954	-12.338	10.12
68.237	-11.659	10.13
70.382	-11.583	10.14
71.845	-10.923	10.15
77.428	-9.068	10.16
82.486	-7.347	10.17
43.261	-13.077	10.18
45.115	-13.218	10.19
72.812	-8.559	10.20
69.920	6.734	10.17
45.758	-14.336	10.5
41.783	-25.001	10.4
38.393	-21.041	10.3
35.163	-15.931	10.2
32.583	-14.731	10.1
SHOTS
70.382	-11.583	72.812	-8.559
43.261	-13.077	45.115	-13.218
42.100	-11.702	43.261	-13.077
43.261	-13.077	43.524	-13.016
43.261	-13.077	43.350	-12.970
43.261	-13.077	43.300	-12.840
77.428	-9.068	82.486	-7.347
82.486	-7.347	83.014	-6.926
82.486	-7.347	82.438	-5.238
82.486	-7.347	82.474	-7.997
82.486	-7.347	82.131	-7.244
82.486	-7.347	80.251	-7.919
82.486	-7.347	80.490	-7.917
82.486	-7.347	83.094	-6.836
82.486	-7.347	84.234	-6.303
82.486	-7.347	83.129	-6.395
82.486	-7.347	83.853	-4.162
82.486	-7.347	81.956	-6.956
71.845	-10.923	77.428	-9.068
77.428	-9.068	77.441	-9.060
77.428	-9.068	77.197	-8.901
77.428	-9.068	77.399	-8.801
68.237	-11.659	71.845	-10.923
71.845	-10.923	71.223	-10.853
71.845	-10.923	72.239	-10.516
71.845	-10.923	71.768	-10.430
71.845	-10.923	71.854	-11.223
71.845	-10.923	71.711	-11.060
71.845	-10.923	71.802	-10.677
68.237	-11.659	70.382	-11.583
70.382	-11.583	68.452	-8.576
70.382	-11.583	67.965	-7.822
70.382	-11.583	68.451	-8.593
63.954	-12.338	68.237	-11.659
68.237	-11.659	67.782	-11.786
68.237	-11.659	68.498	-11.949
68.237	-11.659	68.218	-12.307
56.003	-14.896	63.954	-12.338
63.954	-12.338	64.505	-12.354
63.954	-12.338	63.862	-12.338
63.954	-12.338	63.904	-11.902
63.954	-12.338	63.981	-12.776
63.709	-14.646	65.858	-14.429
56.003	-14.896	63.709	-14.646
63.709	-14.646	63.449	-14.625
63.709	-14.646	63.414	-14.655
63.709	-14.646	63.582	-14.011
63.709	-14.646	63.763	-15.274
54.027	-15.606	56.003	-14.896
56.003	-14.896	56.141	-14.891
56.003	-14.896	56.103	-15.989
56.003	-14.896	55.985	-14.687
56.003	-14.896	55.898	-14.913
56.003	-14.896	57.718	-15.127
56.003	-14.896	57.742	-15.083
56.003	-14.896	59.149	-14.565
56.003	-14.896	58.749	-14.457
56.003	-14.896	58.035	-14.218
56.003	-14.896	56.810	-15.070
50.311	-15.578	54.027	-15.606
54.027	-15.606	53.844	-15.481
54.027	-15.606	53.999	-15.195
54.027	-15.606	54.042	-16.676
47.394	-15.944	50.311	-15.578
50.311	-15.578	49.190	-16.058
50.311	-15.578	49.522	-15.953
50.311	-15.578	50.309	-16.115
50.311	-15.578	50.821	-16.134
50.311	-15.578	50.300	-15.389
50.311	-15.578	50.420	-17.144
43.247	-13.971	47.394	-15.944
47.394	-15.944	46.465	-15.543
47.394	-15.944	47.469	-15.886
47.394	-15.944	47.412	-15.456
47.394	-15.944	46.335	-15.536
42.100	-11.702	43.247	-13.971
43.247	-13.971	43.293	-13.978
43.247	-13.971	43.409	-14.606
42.100	-11.702	48.993	-11.278
48.993	-11.278	49.002	-11.251
48.993	-11.278	48.984	-11.221
48.993	-11.278	48.954	-10.900
48.993	-11.278	49.020	-11.715
39.087	-10.432	42.100	-11.702
42.100	-11.702	41.771	-11.704
42.100	-11.702	42.053	-13.490
42.100	-11.702	42.289	-10.023
42.100	-11.702	41.848	-13.083
42.100	-11.702	42.099	-12.057
42.100	-11.702	42.383	-12.058
42.100	-11.702	42.358	-11.705
42.100	-11.702	42.296	-11.698
38.128	-11.047	39.087	-10.432
39.087	-10.432	38.630	-10.467
39.087	-10.432	39.361	-10.364
39.087	-10.432	39.295	-9.580
39.087	-10.432	39.140	-11.580
36.023	-11.651	38.128	-11.047
38.128	-11.047	38.455	-10.922
38.128	-11.047	38.213	-9.922
38.128	-11.047	38.098	-11.906
38.128	-11.047	38.157	-11.002
36.023	-11.651	36.023	-11.651
69.920	6.734	68.360	7.155	
69.920	6.734	69.874	8.843	
69.920	6.734	69.904	6.084	
69.920	6.734	70.664	6.837	
69.920	6.734	68.298	6.162	
69.920	6.734	70.052	6.164	
69.920	6.734	70.778	7.245	
69.920	6.734	70.229	7.778	
69.920	6.734	69.573	7.686	
69.920	6.734	68.463	9.919	
69.920	6.734	69.194	7.125	
45.758	-14.336	46.290	-14.343	
45.758	-14.336	46.088	-14.971	
41.783	-25.001	41.234	-24.974	
41.783	-25.001	42.108	-24.944	
41.783	-25.001	41.790	-24.623	
41.783	-25.001	41.743	-25.438	
38.393	-21.041	38.038	-21.043	
38.393	-21.041	38.203	-22.829	
38.393	-21.041	38.568	-19.362	
38.393	-21.041	37.313	-22.422	
38.393	-21.041	37.566	-21.396	
38.393	-21.041	37.787	-21.397	
38.393	-21.041	38.069	-21.044	
38.393	-21.041	38.431	-21.037	
35.163	-15.931	34.747	-15.966	
35.163	-15.931	35.314	-15.863	
35.163	-15.931	35.003	-15.079	
35.163	-15.931	35.138	-17.079	
32.583	-14.731	33.165	-14.606	
32.583	-14.731	32.681	-13.606	
32.583	-14.731	32.602	-15.590	
32.583	-14.731	32.390	-14.686	
POLYLINE BLACK
84.740	-6.820
84.800	-7.120
84.800	-7.220
84.820	-7.300
84.660	-6.880
84.580	-6.740
84.660	-6.720
85.000	-6.520
85.320	-6.380
85.420	-6.480
85.640	-6.780
85.700	-6.860
85.080	-7.180
POLYLINE BLACK
82.540	-6.280
82.540	-6.280
82.540	-6.760
82.580	-6.980
82.640	-6.780
82.720	-6.200
82.720	-6.100
82.700	-6.000
82.800	-6.000
82.840	-5.980
82.940	-5.980
83.060	-5.940
83.100	-5.980
83.220	-6.380
83.300	-6.740
83.260	-6.780
83.120	-6.800
82.620	-7.020
POLYLINE BLACK
82.520	-6.500
82.520	-6.460
POLYLINE BLACK
85.240	-5.140
85.320	-5.360
85.320	-5.460
85.320	-5.460
85.240	-5.300
85.220	-5.220
85.820	-4.980
86.000	-4.900
86.080	-4.880
86.060	-5.340
86.040	-5.560
86.020	-5.640
86.040	-5.720
85.840	-5.760
85.600	-5.800
85.440	-5.840
POLYLINE BLACK
84.280	-3.860
84.280	-3.940
84.400	-4.500
84.440	-4.620
84.320	-4.120
84.260	-3.980
84.360	-3.980
84.480	-3.940
84.560	-3.940
84.680	-3.900
85.120	-3.840
85.260	-4.120
85.400	-4.560
85.200	-4.580
84.660	-4.700
84.460	-4.720
84.420	-4.740
POLYLINE BLACK
82.660	-7.920
82.760	-7.900
82.880	-7.840
82.960	-7.820
83.000	-7.780
83.080	-7.760
83.380	-7.660
83.640	-7.600
83.880	-7.560
84.060	-7.520
84.320	-7.460
84.540	-7.400
84.660	-7.380
84.780	-7.340
84.820	-7.300
84.920	-7.300
84.960	-7.280
85.040	-7.300
85.120	-7.280
POLYLINE BLACK
82.340	-4.920
82.420	-5.120
POLYLINE BLACK
82.620	-5.120
82.660	-5.100
82.860	-4.800
83.020	-4.600
83.320	-4.300
83.440	-4.120
83.540	-4.000
83.560	-3.940
83.640	-3.860
83.680	-3.780
83.880	-3.600
83.900	-3.540
POLYLINE BLACK
69.265	6.799
69.070	6.784
69.025	6.844
68.905	7.204
68.950	7.264
POLYLINE BLACK
72.445	3.874
POLYLINE BLACK
69.415	7.579
69.400	7.549
69.490	7.324
69.565	7.204
69.625	7.084
69.850	6.799
69.790	6.844
69.430	7.384
69.310	7.609
69.385	7.699
69.460	7.744
69.520	7.834
69.550	7.804
69.550	7.834
69.610	7.669
69.715	7.504
69.835	7.339
69.865	7.324
70.030	7.069
70.150	6.889
70.165	6.859
70.105	6.829
70.075	6.844
70.015	6.799
69.985	6.814
69.925	6.784
69.910	6.754
POLYLINE BLACK
69.145	6.874
69.115	6.859
69.160	6.754
69.265	6.604
69.355	6.499
69.385	6.484
69.385	6.454
69.385	6.499
69.325	6.559
69.295	6.634
69.175	6.829
69.265	6.949
69.325	6.889
69.370	6.784
69.490	6.589
69.520	6.574
69.490	6.544
69.460	6.544
69.430	6.529
POLYLINE BLACK
69.205	7.054
69.220	7.009
69.475	6.694
69.550	6.604
69.580	6.544
69.610	6.544
69.790	6.694
69.820	6.754
69.820	6.784
69.685	6.889
69.655	6.934
69.625	6.949
69.505	7.159
69.460	7.264
69.340	7.429
69.280	7.339
69.175	7.084
69.220	7.024
69.310	6.964
POLYLINE BLACK
69.535	9.409
69.550	9.439
69.595	9.439
69.655	9.484
69.685	9.484
69.745	9.499
69.775	9.499
69.835	9.529
69.910	9.529
69.970	9.559
70.030	9.559
70.090	9.574
70.120	9.574
70.180	9.604
70.210	9.604
70.270	9.649
70.300	9.589
70.300	9.529
70.285	9.469
70.315	9.289
70.315	9.229
70.270	9.229
70.210	9.199
70.075	9.184
70.015	9.199
69.985	9.199
69.940	9.139
69.880	9.109
69.760	9.244
69.760	9.274
69.685	9.379
69.655	9.409
POLYLINE BLACK
69.625	10.429
69.655	10.459
69.715	10.459
69.775	10.489
69.895	10.489
69.970	10.504
70.030	10.504
70.060	10.519
70.120	10.474
70.195	10.294
70.195	10.234
70.210	10.159
70.210	10.129
70.180	10.129
69.985	10.069
69.850	10.069
69.820	10.084
69.790	10.144
69.790	10.174
69.685	10.324
69.670	10.369
69.610	10.429
POLYLINE BLACK
69.355	10.129
69.220	9.949
69.175	9.889
69.175	9.859
69.250	9.769
69.310	9.724
69.355	9.664
69.445	9.634
69.505	9.664
69.535	9.664
69.595	9.649
69.640	9.649
69.730	9.619
69.760	9.679
69.760	9.709
69.790	9.769
69.745	9.904
69.625	9.994
69.610	10.024
69.580	10.039
69.535	10.099
POLYLINE BLACK
68.395	10.369
68.425	10.339
68.425	10.264
68.440	10.204
68.440	10.099
68.425	10.069
68.425	10.129
68.395	10.324
68.395	10.384
68.425	10.414
68.470	10.429
68.500	10.459
68.665	10.489
68.695	10.489
68.725	10.474
68.785	10.504
68.815	10.474
68.845	10.474
68.875	10.504
68.905	10.474
68.965	10.489
69.025	10.489
69.115	10.429
69.175	10.369
69.175	10.324
69.220	10.234
69.070	10.129
68.905	10.099
68.680	9.994
POLYLINE BLACK
69.160	7.294
69.190	7.354
69.190	7.549
69.175	7.609
69.175	7.669
69.160	7.744
69.160	7.774
69.145	7.834
69.145	7.894
69.115	8.014
69.115	8.044
69.100	8.104
69.100	8.149
69.070	8.209
69.070	8.239
69.010	8.404
69.010	8.434
68.950	8.584
68.950	8.629
68.890	8.749
68.890	8.779
68.860	8.899
68.830	8.929
68.830	8.959
68.815	8.989
68.815	9.034
68.770	9.124
68.770	9.154
68.740	9.214
68.740	9.244
68.725	9.274
68.725	9.319
68.635	9.514
68.635	9.544
68.605	9.604
68.605	9.634
68.590	9.664
68.590	9.709
68.545	9.799
68.545	9.829
68.500	9.919
POLYLINE BLACK
69.235	7.264
69.265	7.294
POLYLINE BLACK
68.470	7.189
68.500	7.189
68.530	7.219
68.590	7.204
68.650	7.219
68.710	7.204
68.740	7.204
68.800	7.219
68.830	7.219
68.860	7.249
68.920	7.249
68.980	7.279
69.100	7.279
69.160	7.264
POLYLINE BLACK
69.580	6.259
69.610	6.259
69.835	6.169
69.865	6.169
69.925	6.154
70.000	6.154
70.030	6.139
70.060	6.199
70.060	6.229
70.135	6.364
70.165	6.394
70.165	6.424
70.180	6.454
70.240	6.499
70.285	6.559
70.465	6.604
70.585	6.754
70.660	6.874
70.660	6.874
70.690	6.979
70.690	7.144
70.735	7.294
70.645	7.429
70.525	7.579
70.480	7.594
70.390	7.669
70.375	7.699
70.285	7.759
70.240	7.819
70.210	7.819
70.075	7.999
70.030	8.089
70.030	8.119
70.000	8.254
69.970	8.479
69.925	8.674
69.925	8.704
69.910	8.764
69.910	8.899
69.940	8.854
POLYLINE BLACK
69.700	6.454
69.805	6.259
69.865	6.229
69.880	6.199
69.910	6.199
69.940	6.184
POLYLINE BLACK
68.620	6.439
68.650	6.334
68.680	6.334
68.740	6.364
68.830	6.364
68.860	6.334
68.890	6.349
68.920	6.319
68.950	6.319
69.085	6.349
69.145	6.319
69.205	6.319
69.235	6.304
69.265	6.319
69.355	6.259
69.415	6.274
69.505	6.274
69.595	6.229
69.625	6.229
69.655	6.214
POLYLINE BLACK
68.455	7.204
68.455	7.174
68.440	7.114
68.440	6.934
68.455	6.814
68.470	6.604
68.470	6.574
68.455	6.544
68.455	6.259
68.470	6.199
POLYLINE CONNECT
69.920	6.734
82.486	-7.347
POLYLINE BLACK
82.040	-6.986
82.040	-6.866
82.060	-6.786
82.040	-6.746
82.060	-6.666
82.100	-6.466
82.160	-6.206
82.220	-6.046
82.300	-5.706
82.360	-5.506
82.380	-5.426
82.420	-5.246
82.440	-5.166
POLYLINE BLACK
77.460	-8.686
77.460	-8.746
77.480	-8.786
77.720	-8.686
77.760	-8.646
77.800	-8.646
77.920	-8.526
78.000	-8.506
78.080	-8.486
78.240	-8.386
78.320	-8.366
78.580	-8.266
78.820	-8.166
78.860	-8.166
78.920	-8.086
79.100	-8.086
79.320	-8.006
79.380	-8.006
79.420	-7.966
79.500	-7.946
79.620	-7.886
79.680	-7.906
79.760	-7.886
79.840	-7.826
79.920	-7.806
80.000	-7.786
80.080	-7.766
80.240	-7.706
80.280	-7.666
80.380	-7.666
80.460	-7.606
80.540	-7.586
80.980	-7.446
81.160	-7.446
81.280	-7.406
81.460	-7.366
81.740	-7.186
81.860	-7.106
81.900	-7.106
81.920	-7.066
81.960	-7.066
POLYLINE BLACK
77.340	-9.306
77.340	-9.386
77.400	-9.406
77.440	-9.386
77.520	-9.406
77.600	-9.386
77.640	-9.386
77.720	-9.326
77.840	-9.326
77.960	-9.266
78.040	-9.286
78.160	-9.206
78.380	-9.146
78.580	-9.086
78.660	-9.106
78.780	-9.066
78.860	-9.046
79.100	-8.966
79.180	-8.946
79.260	-8.926
79.360	-8.926
79.400	-8.886
79.560	-8.846
79.720	-8.726
79.900	-8.686
79.940	-8.666
80.020	-8.686
80.100	-8.646
80.140	-8.666
80.180	-8.626
80.400	-8.626
80.660	-8.486
80.700	-8.486
80.820	-8.406
80.920	-8.386
80.980	-8.386
81.060	-8.326
81.140	-8.326
81.280	-8.286
81.380	-8.286
81.420	-8.246
81.500	-8.226
81.540	-8.186
81.600	-8.186
81.860	-8.066
81.940	-8.066
82.140	-7.946
82.180	-7.966
82.300	-7.906
82.460	-7.866
POLYLINE BLACK
77.268	-9.173
77.303	-9.334
77.331	-9.348
77.345	-9.348
77.387	-9.320
77.443	-9.278
77.450	-9.264
77.478	-9.257
77.492	-9.229
77.506	-9.229
77.548	-9.201
77.555	-9.187
77.569	-9.187
77.611	-9.159
77.639	-9.138
77.653	-9.138
77.723	-9.110
77.737	-9.096
77.751	-9.096
77.765	-9.103
77.786	-9.103
77.814	-9.089
POLYLINE BLACK
76.841	-8.781
76.841	-8.830
76.862	-8.858
76.876	-8.865
76.890	-8.851
76.904	-8.858
76.918	-8.844
76.932	-8.858
76.960	-8.851
76.981	-8.823
77.009	-8.823
77.023	-8.816
77.051	-8.823
77.079	-8.823
77.107	-8.830
77.149	-8.816
77.177	-8.823
77.212	-8.816
77.240	-8.816
77.310	-8.788
77.324	-8.795
77.352	-8.781
77.366	-8.781
POLYLINE BLACK
75.861	-9.537
75.847	-9.586
75.819	-9.768
75.812	-9.782
POLYLINE BLACK
75.847	-9.579
75.861	-9.614
75.861	-9.628
75.889	-9.670
75.896	-9.684
75.896	-9.705
75.910	-9.733
75.910	-9.747
75.833	-9.803
75.819	-9.817
POLYLINE BLACK
75.833	-9.551
POLYLINE BLACK
76.148	-9.488
76.155	-9.523
76.155	-9.537
76.141	-9.565
76.155	-9.593
76.155	-9.607
76.162	-9.621
76.162	-9.607
76.183	-9.558
76.211	-9.467
76.225	-9.439
76.225	-9.439
76.253	-9.523
76.267	-9.537
76.260	-9.551
76.239	-9.565
76.211	-9.572
76.169	-9.621
POLYLINE BLACK
76.869	-8.977
76.876	-8.991
76.890	-8.998
76.834	-9.047
76.820	-9.047
76.792	-9.061
76.778	-9.061
76.687	-9.089
76.673	-9.089
76.617	-9.103
76.603	-9.103
76.575	-9.117
76.561	-9.117
76.547	-9.138
76.547	-9.152
76.575	-9.208
76.575	-9.222
76.610	-9.278
76.652	-9.334
76.666	-9.362
76.666	-9.376
76.715	-9.481
76.757	-9.509
76.834	-9.467
76.848	-9.467
76.904	-9.432
76.918	-9.432
76.932	-9.418
76.960	-9.418
76.995	-9.404
77.107	-9.327
77.135	-9.327
77.149	-9.313
77.163	-9.313
77.191	-9.299
77.198	-9.285
77.170	-9.243
77.170	-9.229
77.156	-9.194
77.156	-9.180
77.142	-9.152
77.142	-9.138
77.114	-9.082
77.093	-9.054
77.065	-9.040
77.058	-9.026
77.030	-9.005
77.016	-9.005
77.009	-8.991
76.981	-8.977
76.967	-8.977
76.939	-8.970
76.890	-8.977
76.862	-8.998
POLYLINE BLACK
72.173	-11.356
72.173	-11.396
72.413	-11.236
72.493	-11.236
72.613	-11.156
72.673	-11.176
72.753	-11.116
72.993	-11.076
73.213	-10.976
73.413	-10.936
73.553	-10.856
73.633	-10.836
73.813	-10.796
73.853	-10.756
73.933	-10.756
74.053	-10.696
74.153	-10.676
74.193	-10.636
74.273	-10.616
74.393	-10.576
74.433	-10.536
74.513	-10.516
74.853	-10.396
75.113	-10.336
75.313	-10.236
75.393	-10.236
75.633	-10.116
75.713	-10.116
76.013	-9.976
76.053	-9.936
76.133	-9.936
76.293	-9.876
76.413	-9.796
76.473	-9.796
76.733	-9.676
76.893	-9.556
76.933	-9.556
76.973	-9.516
77.013	-9.516
77.173	-9.416
77.253	-9.416
77.373	-9.376
77.413	-9.336
77.493	-9.356
77.513	-9.316
POLYLINE BLACK
71.973	-10.316
71.973	-10.396
72.173	-10.276
72.393	-10.256
72.473	-10.236
72.513	-10.256
72.673	-10.156
72.713	-10.156
72.753	-10.116
72.853	-10.116
73.013	-10.016
73.093	-9.996
73.273	-9.936
73.313	-9.936
73.393	-9.876
73.593	-9.836
73.633	-9.796
73.713	-9.776
73.953	-9.696
73.993	-9.716
74.113	-9.636
74.273	-9.596
74.453	-9.516
74.533	-9.496
74.573	-9.476
74.653	-9.496
74.733	-9.416
74.813	-9.436
74.893	-9.416
75.013	-9.356
75.053	-9.376
75.173	-9.296
75.253	-9.296
75.393	-9.256
75.513	-9.236
75.553	-9.196
75.633	-9.196
75.673	-9.176
75.713	-9.196
75.973	-9.116
76.013	-9.116
76.093	-9.056
76.173	-9.056
76.253	-9.036
76.433	-8.996
76.633	-8.936
76.693	-8.936
76.853	-8.876
76.893	-8.876
POLYLINE BLACK
65.653	-12.301
65.503	-12.436
65.473	-12.436
65.773	-12.166
65.788	-12.196
65.788	-12.271
65.773	-12.391
65.773	-12.556
65.728	-12.541
65.698	-12.556
65.653	-12.541
65.278	-12.556
POLYLINE BLACK
67.648	-12.076
67.513	-12.256
67.543	-12.241
67.678	-12.076
67.738	-12.076
67.798	-12.121
67.813	-12.181
67.783	-12.181
67.678	-12.211
67.543	-12.211
67.408	-12.226
POLYLINE BLACK
66.613	-11.851
66.643	-11.851
66.673	-11.866
66.703	-11.836
66.703	-11.881
66.628	-12.031
66.673	-11.956
66.823	-11.776
66.838	-11.806
66.868	-11.821
66.943	-12.001
66.943	-12.031
66.958	-12.061
66.793	-12.031
66.703	-12.001
66.658	-12.001
66.628	-11.986
POLYLINE BLACK
67.138	-12.121
67.198	-12.076
67.243	-12.001
67.243	-11.971
67.048	-12.196
67.198	-11.986
67.258	-11.896
67.408	-12.016
67.468	-12.061
67.498	-12.061
67.468	-12.091
67.063	-12.181
POLYLINE BLACK
66.508	-12.046
66.433	-12.136
66.328	-12.226
66.283	-12.331
66.238	-12.391
66.568	-12.046
66.658	-12.181
66.688	-12.211
66.388	-12.316
66.268	-12.331
66.238	-12.346
66.313	-12.331
POLYLINE BLACK
65.863	-12.016
65.863	-12.046
65.743	-12.196
65.713	-12.226
65.713	-12.256
65.968	-11.926
65.998	-11.956
65.998	-11.986
66.058	-12.136
66.103	-12.196
66.118	-12.241
65.968	-12.241
65.653	-12.301
POLYLINE BLACK
65.218	-12.136
65.188	-12.136
65.053	-12.256
65.023	-12.301
64.828	-12.421
64.798	-12.421
64.783	-12.481
64.963	-12.376
64.993	-12.346
65.038	-12.331
65.113	-12.226
65.143	-12.211
65.323	-12.361
65.338	-12.391
65.278	-12.406
65.083	-12.421
65.023	-12.436
64.993	-12.436
64.978	-12.466
POLYLINE BLACK
64.153	-12.601
64.123	-12.721
64.093	-12.751
64.123	-12.751
64.258	-12.781
64.318	-12.781
64.378	-12.796
64.408	-12.796
64.438	-12.811
64.543	-12.781
64.588	-12.781
64.648	-12.766
64.753	-12.766
64.813	-12.751
64.843	-12.751
64.903	-12.736
64.963	-12.736
64.993	-12.706
65.053	-12.706
65.113	-12.676
65.143	-12.676
65.173	-12.661
65.233	-12.691
65.338	-12.661
65.398	-12.676
65.563	-12.646
65.653	-12.646
65.683	-12.661
65.713	-12.631
65.848	-12.631
65.908	-12.646
65.968	-12.631
66.103	-12.646
66.133	-12.646
66.163	-12.661
66.253	-12.601
66.388	-12.541
66.418	-12.511
66.448	-12.511
66.508	-12.496
66.538	-12.496
66.598	-12.481
66.643	-12.496
66.733	-12.451
66.853	-12.451
66.883	-12.436
67.018	-12.436
67.078	-12.406
67.168	-12.406
67.243	-12.391
67.303	-12.391
67.333	-12.376
67.363	-12.391
67.423	-12.361
67.468	-12.361
67.528	-12.376
67.558	-12.376
67.618	-12.391
67.738	-12.391
67.918	-12.346
67.963	-12.346
67.993	-12.331
68.053	-12.346
68.083	-12.346
68.143	-12.376
68.233	-12.316
68.263	-12.286
POLYLINE BLACK
64.003	-11.731
64.003	-11.761
64.198	-11.791
64.723	-11.731
64.753	-11.746
64.843	-11.746
65.143	-11.686
65.263	-11.686
65.323	-11.701
65.713	-11.701
65.773	-11.686
65.803	-11.686
65.863	-11.671
65.893	-11.671
65.923	-11.656
65.983	-11.671
66.028	-11.656
66.058	-11.626
66.238	-11.626
66.298	-11.611
66.358	-11.626
66.493	-11.581
66.553	-11.596
66.583	-11.596
66.613	-11.581
66.673	-11.611
66.718	-11.611
66.778	-11.596
66.838	-11.611
66.898	-11.581
66.928	-11.596
66.958	-11.581
67.018	-11.596
67.048	-11.566
67.123	-11.566
67.183	-11.551
67.213	-11.551
67.363	-11.641
67.423	-11.641
67.453	-11.656
67.468	-11.626
67.468	-11.671
67.498	-11.671
67.528	-11.656
67.588	-11.671
67.618	-11.671
67.498	-11.611
67.468	-11.611
67.633	-11.656
67.648	-11.686
67.753	-11.686
67.813	-11.656
68.008	-11.656
68.038	-11.641
68.128	-11.671
68.218	-11.596
68.308	-11.596
POLYLINE BLACK
61.598	-13.131
61.498	-13.311
61.478	-13.211
61.518	-13.011
61.598	-13.011
61.838	-13.211
61.778	-13.271
61.418	-13.471
61.398	-13.511
POLYLINE BLACK
60.378	-13.611
60.378	-13.571
60.318	-13.711
60.318	-13.651
60.418	-13.351
60.518	-13.471
60.658	-13.551
60.698	-13.631
60.658	-13.631
60.358	-13.851
60.358	-13.891
POLYLINE BLACK
59.298	-13.951
59.218	-14.111
59.178	-14.291
59.158	-14.251
59.178	-14.091
59.178	-13.991
59.198	-13.911
59.298	-13.931
59.478	-14.031
59.518	-14.031
59.538	-14.071
59.118	-14.471
POLYLINE BLACK
58.118	-14.351
58.058	-14.531
57.998	-14.611
57.998	-14.611
58.138	-14.171
58.138	-14.131
58.358	-14.351
58.418	-14.411
58.418	-14.451
58.078	-14.711
58.038	-14.731
POLYLINE BLACK
56.738	-15.231
56.738	-15.191
56.958	-14.791
56.978	-14.691
57.078	-14.911
57.098	-14.991
57.038	-15.051
56.818	-15.191
POLYLINE BLACK
56.278	-14.591
56.238	-14.591
56.378	-14.451
56.458	-14.431
56.698	-14.311
56.758	-14.251
56.838	-14.231
57.138	-14.131
57.258	-14.071
57.378	-14.051
57.418	-14.011
57.458	-14.031
57.538	-13.991
57.598	-13.991
57.758	-13.911
57.858	-13.911
57.978	-13.871
58.038	-13.871
58.298	-13.791
58.358	-13.791
58.398	-13.771
58.458	-13.791
58.818	-13.671
58.938	-13.631
59.118	-13.511
59.198	-13.491
59.278	-13.451
59.338	-13.451
59.378	-13.411
59.458	-13.391
59.638	-13.331
59.678	-13.291
59.858	-13.251
59.938	-13.191
60.118	-13.151
60.298	-13.091
60.498	-12.991
60.578	-12.991
60.658	-12.911
60.798	-12.911
61.138	-12.791
61.218	-12.771
61.518	-12.631
61.678	-12.551
61.778	-12.551
61.898	-12.511
61.938	-12.511
62.018	-12.451
62.178	-12.451
62.438	-12.351
62.498	-12.351
62.938	-12.131
63.018	-12.111
63.298	-11.991
63.518	-11.991
63.558	-11.951
63.598	-11.951
63.718	-11.871
63.958	-11.811
63.998	-11.831
64.018	-11.791
POLYLINE BLACK
56.338	-15.731
56.278	-15.871
56.238	-15.871
56.558	-15.631
56.578	-15.591
56.618	-15.591
56.698	-15.531
56.998	-15.451
57.038	-15.411
57.078	-15.431
57.198	-15.331
57.238	-15.331
57.438	-15.211
57.558	-15.171
57.678	-15.091
57.718	-15.091
57.838	-15.011
57.878	-15.031
57.958	-14.971
58.018	-14.971
58.178	-14.891
58.298	-14.871
58.338	-14.831
58.398	-14.831
58.618	-14.731
58.838	-14.651
58.898	-14.651
59.278	-14.511
59.578	-14.411
59.698	-14.331
59.778	-14.311
59.858	-14.251
59.938	-14.231
60.278	-14.071
60.318	-14.071
60.398	-13.991
60.618	-13.891
60.698	-13.871
60.998	-13.751
61.078	-13.731
61.198	-13.651
61.238	-13.671
61.338	-13.611
61.458	-13.591
61.598	-13.511
61.678	-13.491
61.998	-13.371
62.118	-13.291
62.198	-13.271
62.318	-13.211
62.398	-13.211
62.578	-13.171
62.738	-13.131
62.958	-13.111
63.058	-13.071
63.178	-13.071
63.238	-13.031
63.358	-13.031
63.518	-12.971
63.678	-12.931
63.798	-12.891
63.838	-12.851
63.918	-12.831
64.078	-12.771
64.078	-12.771
POLYLINE BLACK
56.298	-15.831
56.258	-15.871
POLYLINE BLACK
59.308	-21.261
59.323	-21.291
POLYLINE BLACK
58.558	-13.551
POLYLINE BLACK
57.163	-13.581
57.133	-13.596
POLYLINE BLACK
55.318	-15.756
55.288	-15.891
55.258	-15.966
55.213	-16.026
55.213	-16.071
55.198	-16.101
55.288	-15.876
55.303	-15.846
55.423	-15.996
55.273	-16.056
55.138	-16.146
POLYLINE BLACK
54.478	-16.116
54.493	-16.146
54.433	-16.281
54.403	-16.311
54.358	-16.416
54.403	-16.386
54.418	-16.341
54.448	-16.311
54.538	-16.101
54.568	-16.086
54.568	-16.131
54.613	-16.236
54.538	-16.326
54.433	-16.401
54.373	-16.416
54.298	-16.476
POLYLINE BLACK
53.713	-16.296
53.638	-16.386
53.533	-16.566
53.638	-16.281
53.683	-16.221
53.683	-16.251
53.698	-16.281
53.698	-16.521
53.638	-16.521
53.548	-16.536
53.518	-16.566
POLYLINE BLACK
53.983	-15.096
54.028	-15.186
54.058	-15.201
54.178	-15.126
54.208	-15.126
54.418	-15.066
54.448	-15.051
54.478	-15.066
54.538	-15.036
54.628	-15.036
54.688	-15.006
54.748	-15.006
54.778	-14.991
54.808	-15.006
54.898	-14.931
55.078	-14.841
55.168	-14.841
55.348	-14.781
55.393	-14.781
55.423	-14.766
55.453	-14.781
55.513	-14.751
55.543	-14.751
55.573	-14.721
55.603	-14.751
55.633	-14.721
55.663	-14.751
55.813	-14.751
55.843	-14.736
55.903	-14.751
55.963	-14.721
55.993	-14.736
56.053	-14.721
56.143	-14.646
POLYLINE BLACK
54.148	-16.536
54.148	-16.611
54.163	-16.641
54.193	-16.641
54.253	-16.611
54.283	-16.611
54.403	-16.581
54.433	-16.581
54.493	-16.536
54.523	-16.476
54.553	-16.476
54.613	-16.431
54.688	-16.416
54.778	-16.416
54.973	-16.326
55.033	-16.326
55.153	-16.296
55.183	-16.296
55.318	-16.251
55.348	-16.251
55.408	-16.221
55.438	-16.221
55.498	-16.191
55.558	-16.206
55.618	-16.146
55.723	-16.116
55.783	-16.086
55.813	-16.086
55.933	-15.996
55.963	-15.996
56.113	-15.906
56.143	-15.906
POLYLINE BLACK
54.193	-16.551
54.148	-16.566
54.088	-16.536
54.058	-16.461
POLYLINE BLACK
52.918	-16.251
52.843	-16.266
POLYLINE BLACK
52.498	-16.386
52.498	-16.446
52.543	-16.536
52.543	-16.476
52.528	-16.446
52.528	-16.371
52.573	-16.311
52.618	-16.281
52.648	-16.281
52.678	-16.266
52.738	-16.281
52.798	-16.281
52.843	-16.371
52.843	-16.431
52.873	-16.521
52.903	-16.551
52.903	-16.581
52.738	-16.596
52.678	-16.611
52.618	-16.611
POLYLINE BLACK
51.673	-16.581
51.673	-16.611
51.598	-16.701
51.613	-16.671
51.613	-16.626
51.688	-16.356
51.718	-16.356
51.853	-16.506
51.913	-16.596
51.808	-16.671
51.613	-16.731
51.553	-16.731
51.523	-16.746
POLYLINE BLACK
50.788	-16.551
50.773	-16.596
50.728	-16.656
50.728	-16.656
50.908	-16.386
50.938	-16.371
51.103	-16.596
51.133	-16.626
51.163	-16.626
50.953	-16.761
50.863	-16.761
POLYLINE BLACK
49.723	-16.491
49.648	-16.581
49.648	-16.611
49.648	-16.611
49.678	-16.566
49.708	-16.476
49.768	-16.431
49.858	-16.536
49.948	-16.581
49.963	-16.611
49.933	-16.611
49.768	-16.686
49.738	-16.716
POLYLINE BLACK
48.928	-16.521
48.898	-16.521
48.868	-16.581
48.868	-16.611
48.898	-16.611
49.063	-16.416
49.063	-16.371
49.153	-16.506
49.153	-16.536
49.183	-16.596
49.033	-16.656
48.958	-16.671
POLYLINE BLACK
50.263	-15.276
50.293	-15.336
50.353	-15.321
50.383	-15.336
50.428	-15.336
50.458	-15.351
50.563	-15.321
50.593	-15.321
50.653	-15.336
50.683	-15.321
50.713	-15.336
50.743	-15.321
50.803	-15.336
50.833	-15.336
50.908	-15.306
50.938	-15.321
51.013	-15.321
51.073	-15.291
51.133	-15.291
51.163	-15.276
51.223	-15.291
51.283	-15.261
51.328	-15.261
51.388	-15.276
51.463	-15.276
51.523	-15.261
51.628	-15.261
51.658	-15.246
51.718	-15.261
51.778	-15.261
51.853	-15.246
52.003	-15.246
52.063	-15.231
52.153	-15.231
52.213	-15.246
52.273	-15.246
52.333	-15.216
52.393	-15.216
52.453	-15.231
52.618	-15.231
52.678	-15.201
52.798	-15.201
52.888	-15.231
52.978	-15.201
53.008	-15.216
53.083	-15.201
53.218	-15.216
53.293	-15.216
53.323	-15.231
53.353	-15.216
53.383	-15.246
53.413	-15.231
53.518	-15.261
53.563	-15.246
53.623	-15.276
53.683	-15.276
53.713	-15.261
53.743	-15.276
53.833	-15.246
53.893	-15.261
53.953	-15.246
53.983	-15.246
POLYLINE BLACK
50.458	-16.986
50.458	-17.016
50.518	-17.001
50.578	-16.956
50.698	-16.956
50.758	-16.986
50.803	-16.971
50.833	-16.941
50.863	-16.941
50.923	-16.956
50.983	-16.926
51.028	-16.926
51.088	-16.941
51.148	-16.926
51.178	-16.941
51.238	-16.926
51.268	-16.926
51.298	-16.941
51.343	-16.926
51.403	-16.941
51.523	-16.941
51.553	-16.956
51.703	-16.911
51.778	-16.911
51.838	-16.926
51.883	-16.926
52.003	-16.896
52.078	-16.896
52.138	-16.881
52.273	-16.866
52.333	-16.866
52.363	-16.851
52.468	-16.851
52.528	-16.836
52.588	-16.836
52.618	-16.821
52.783	-16.821
52.813	-16.806
52.843	-16.821
52.903	-16.806
52.963	-16.806
53.023	-16.791
53.098	-16.791
53.128	-16.806
53.188	-16.791
53.323	-16.776
53.353	-16.791
53.428	-16.791
53.623	-16.731
53.788	-16.701
53.818	-16.716
53.878	-16.701
53.908	-16.701
53.968	-16.671
54.028	-16.671
POLYLINE BLACK
47.458	-15.966
47.488	-15.996
47.503	-16.041
47.773	-16.176
47.833	-16.221
47.848	-16.251
47.878	-16.266
47.893	-16.296
47.983	-16.371
47.983	-16.401
48.013	-16.401
48.118	-16.521
48.298	-16.656
48.358	-16.746
48.388	-16.761
48.403	-16.791
48.463	-16.806
48.598	-16.821
48.688	-16.866
48.748	-16.866
48.838	-16.896
48.898	-16.881
48.958	-16.911
48.988	-16.911
49.168	-16.956
49.258	-16.956
49.318	-16.971
49.438	-16.971
49.498	-16.956
49.558	-16.971
49.618	-16.971
49.678	-16.986
49.708	-16.971
49.768	-16.986
49.828	-16.971
49.888	-16.986
50.008	-16.986
50.098	-17.016
50.128	-17.001
50.158	-17.016
50.188	-17.001
50.218	-17.016
50.293	-17.016
50.353	-17.046
50.383	-17.046
50.413	-17.031
POLYLINE BLACK
47.458	-15.471
47.473	-15.501
47.503	-15.486
47.623	-15.501
47.653	-15.486
47.683	-15.501
47.728	-15.471
47.788	-15.486
47.848	-15.456
47.878	-15.471
47.938	-15.456
47.968	-15.471
48.028	-15.456
48.118	-15.456
48.178	-15.471
48.208	-15.471
48.298	-15.441
48.343	-15.456
48.373	-15.441
48.403	-15.456
48.463	-15.426
48.568	-15.426
48.628	-15.441
48.688	-15.441
48.718	-15.426
48.778	-15.456
48.868	-15.426
48.913	-15.426
48.943	-15.441
49.003	-15.411
49.063	-15.411
49.123	-15.396
49.183	-15.411
49.243	-15.381
49.273	-15.381
49.303	-15.396
49.333	-15.366
49.363	-15.366
49.393	-15.381
49.438	-15.366
49.468	-15.381
49.558	-15.351
49.588	-15.366
49.618	-15.351
49.708	-15.381
49.768	-15.366
49.798	-15.366
49.858	-15.351
49.933	-15.366
49.993	-15.351
50.083	-15.351
50.113	-15.366
50.203	-15.336
50.293	-15.366
POLYLINE BLACK
45.773	-10.641
45.833	-10.761
POLYLINE BLACK
46.253	-20.601
46.093	-21.081
POLYLINE BLACK
36.513	-11.501
36.533	-11.421
36.393	-11.441
36.353	-11.481
POLYLINE BLACK
37.553	-11.641
37.513	-11.601
37.433	-11.621
37.393	-11.641
37.433	-11.661
37.473	-11.621
POLYLINE BLACK
38.493	-11.541
38.413	-11.561
38.273	-11.661
38.253	-11.741
38.333	-11.761
38.473	-11.701
38.553	-11.581
38.413	-11.541
38.313	-11.621
POLYLINE BLACK
39.353	-11.461
39.453	-11.121
39.493	-11.041
39.493	-11.361
39.473	-11.401
39.473	-11.581
39.453	-11.621
39.413	-11.621
POLYLINE BLACK
40.173	-11.801
40.133	-11.781
40.093	-11.801
40.013	-11.781
39.933	-11.841
39.973	-11.881
40.153	-11.901
40.233	-11.861
40.113	-11.801
40.013	-11.801
POLYLINE BLACK
40.693	-12.081
40.593	-12.121
40.593	-12.121
40.813	-11.921
40.853	-11.921
40.933	-12.181
40.973	-12.221
40.993	-12.361
40.973	-12.401
40.873	-12.401
40.833	-12.421
40.693	-12.401
40.513	-12.341
40.373	-12.341
POLYLINE BLACK
45.813	-15.081
45.813	-15.041
45.753	-15.121
45.673	-15.141
45.713	-15.141
45.873	-15.041
45.953	-15.241
46.013	-15.321
45.933	-15.321
45.733	-15.261
45.653	-15.301
POLYLINE BLACK
45.233	-14.881
45.153	-14.861
45.113	-14.901
45.073	-14.901
45.053	-14.941
45.093	-15.021
45.213	-15.061
45.293	-15.041
45.333	-15.001
45.333	-14.961
45.253	-14.941
45.173	-14.941
45.133	-14.961
POLYLINE BLACK
44.733	-14.721
44.553	-14.841
44.533	-14.901
44.793	-14.621
44.873	-14.821
44.813	-14.881
44.753	-14.881
44.593	-14.961
44.553	-14.961
POLYLINE BLACK
44.293	-14.581
44.133	-14.681
44.253	-14.741
44.333	-14.741
44.373	-14.621
44.293	-14.601
44.213	-14.621
44.173	-14.661
POLYLINE BLACK
43.753	-14.481
43.753	-14.481
43.653	-14.601
43.813	-14.461
43.813	-14.421
43.873	-14.581
43.873	-14.621
43.793	-14.641
43.713	-14.661
POLYLINE BLACK
43.373	-13.861
43.433	-13.921
43.513	-13.921
43.633	-13.961
43.713	-13.961
43.953	-14.041
44.033	-14.041
44.093	-14.081
44.133	-14.081
44.253	-14.181
44.333	-14.161
44.453	-14.221
44.533	-14.241
44.733	-14.361
44.793	-14.361
44.953	-14.441
45.033	-14.461
45.173	-14.601
45.213	-14.601
45.233	-14.641
45.273	-14.641
45.313	-14.681
45.373	-14.681
45.453	-14.741
45.533	-14.761
45.613	-14.781
45.733	-14.861
45.773	-14.861
45.813	-14.901
45.853	-14.881
45.893	-14.921
45.933	-14.921
45.973	-14.961
46.013	-14.961
46.093	-15.021
46.213	-15.041
46.293	-15.101
46.373	-15.121
46.693	-15.261
46.733	-15.261
46.793	-15.301
46.873	-15.301
46.993	-15.341
47.153	-15.361
47.233	-15.381
47.353	-15.421
POLYLINE BLACK
43.073	-14.281
43.153	-14.501
43.193	-14.541
43.273	-14.541
43.393	-14.601
43.433	-14.581
43.673	-14.661
43.753	-14.681
44.033	-14.781
44.073	-14.801
44.113	-14.781
44.233	-14.841
44.333	-14.841
44.373	-14.881
44.453	-14.881
44.613	-14.941
44.693	-14.961
44.993	-15.061
45.073	-15.081
45.153	-15.121
45.253	-15.121
45.453	-15.221
45.533	-15.221
46.293	-15.581
46.333	-15.581
46.533	-15.701
46.813	-15.821
46.873	-15.821
46.953	-15.901
47.053	-15.901
47.093	-15.941
47.173	-15.961
47.213	-16.001
47.373	-16.001
POLYLINE BLACK
46.223	-14.921
46.253	-14.921
46.283	-14.951
46.343	-14.921
46.373	-14.921
46.388	-14.891
46.358	-14.756
POLYLINE BLACK
45.488	-14.936
45.488	-14.906
45.563	-14.771
45.563	-14.741
45.608	-14.651
45.608	-14.591
45.653	-14.471
45.728	-14.381
45.758	-14.366
45.773	-14.336
45.803	-14.321
45.848	-14.261
45.998	-14.216
46.058	-14.216
46.118	-14.246
46.148	-14.246
46.208	-14.291
46.283	-14.411
46.358	-14.576
46.358	-14.636
46.403	-14.726
46.403	-14.756
46.448	-14.846
46.433	-14.876
POLYLINE BLACK
45.458	-14.846
45.473	-14.906
45.473	-14.936
45.533	-14.966
45.743	-14.966
45.773	-14.996
45.863	-14.996
45.923	-14.966
46.013	-14.996
46.073	-14.981
46.133	-14.981
46.163	-14.996
46.268	-14.951
46.298	-14.951
46.358	-14.966
46.388	-14.951
POLYLINE CONNECT
45.758	-14.336
43.247	-13.971
POLYLINE BLACK
42.113	-13.316
42.128	-13.421
42.113	-13.451
42.083	-13.466
42.203	-13.496
42.218	-13.526
42.278	-13.541
42.293	-13.571
42.353	-13.616
42.428	-13.706
42.488	-13.751
42.533	-13.811
42.563	-13.811
42.623	-13.901
42.683	-13.946
42.713	-13.946
42.713	-13.976
42.863	-14.111
42.953	-14.171
42.968	-14.201
42.998	-14.201
43.133	-14.411
43.208	-14.501
43.208	-14.501
43.208	-14.471
POLYLINE BLACK
42.338	-9.986
42.398	-10.196
42.398	-10.241
42.428	-10.361
42.458	-10.526
42.563	-10.781
42.608	-11.021
42.608	-11.051
42.623	-11.111
42.623	-11.141
42.653	-11.276
42.653	-11.306
42.713	-11.456
42.713	-11.486
42.758	-11.576
42.758	-11.606
42.773	-11.636
42.773	-11.681
42.803	-11.741
42.803	-11.771
42.818	-11.801
42.818	-11.846
42.863	-11.936
42.863	-11.966
42.923	-12.101
42.923	-12.131
42.968	-12.236
42.968	-12.266
42.998	-12.326
42.998	-12.371
43.043	-12.461
43.043	-12.506
43.058	-12.566
43.088	-12.596
43.088	-12.626
43.148	-12.821
43.148	-12.851
43.178	-12.986
43.178	-13.016
43.193	-13.046
43.193	-13.121
43.208	-13.181
43.208	-13.211
43.238	-13.271
43.238	-13.391
43.253	-13.451
43.253	-13.481
43.238	-13.541
43.238	-13.766
43.253	-13.826
43.253	-13.916
43.268	-13.946
43.283	-13.916
POLYLINE BLACK
41.993	-25.481
41.963	-25.541
41.783	-25.451
41.663	-25.451
41.543	-25.421
41.423	-25.421
41.303	-25.451
41.183	-25.481
41.273	-25.211
41.273	-25.121
41.423	-24.761
41.633	-24.521
41.663	-24.461
41.723	-24.461
41.783	-24.311
42.023	-24.401
42.203	-24.701
42.233	-24.821
42.443	-25.391
POLYLINE CONNECT
41.783	-25.001
48.993	-11.278
POLYLINE BLACK
44.633	-22.871
44.123	-23.081
POLYLINE BLACK
38.363	-19.001
38.513	-19.331
38.603	-19.451
38.633	-19.721
38.633	-19.841
38.663	-19.961
38.663	-20.321
38.633	-20.441
38.633	-20.801
38.603	-20.891
38.633	-20.951
38.603	-21.071
38.573	-21.311
38.573	-21.401
38.543	-21.521
38.543	-21.761
38.483	-22.001
38.453	-22.121
38.303	-22.481
38.273	-22.601
POLYLINE BLACK
37.163	-22.001
37.193	-22.211
37.223	-22.091
37.223	-21.971
37.283	-21.701
37.373	-21.341
37.523	-21.011
37.553	-20.891
37.613	-20.831
37.613	-20.771
37.823	-20.471
37.913	-20.261
38.333	-19.601
38.363	-19.481
38.513	-19.241
38.573	-19.211
POLYLINE BLACK
37.283	-22.391
37.283	-22.451
37.643	-22.601
37.823	-22.631
37.943	-22.601
38.183	-22.661
POLYLINE CONNECT
38.393	-21.041
42.100	-11.702
POLYLINE BLACK
42.143	-11.621
42.383	-11.471
42.503	-11.441
42.743	-11.351
42.803	-11.351
42.863	-11.291
43.103	-11.261
43.223	-11.231
43.343	-11.201
43.463	-11.201
43.523	-11.171
43.583	-11.201
43.883	-11.081
44.003	-11.111
44.123	-11.081
44.243	-11.051
44.513	-11.021
44.633	-11.021
44.753	-10.991
44.933	-10.961
45.053	-10.991
45.263	-10.991
45.323	-10.961
45.473	-11.021
45.593	-10.991
45.713	-11.021
45.803	-11.021
45.923	-11.051
46.133	-11.051
46.193	-11.081
46.313	-11.051
46.973	-11.051
47.093	-11.081
47.393	-11.081
47.633	-11.141
48.263	-11.141
48.593	-11.081
48.773	-11.111
48.833	-11.081
48.893	-11.141
48.953	-11.081
49.013	-11.111
POLYLINE BLACK
44.843	-12.461
45.113	-12.341
45.263	-12.341
45.503	-12.281
45.743	-12.281
45.803	-12.311
46.193	-12.221
46.343	-12.251
46.433	-12.251
46.613	-12.191
46.913	-12.191
47.123	-12.131
47.393	-12.101
47.633	-12.071
47.813	-12.071
47.963	-12.041
48.203	-11.981
48.263	-12.011
48.503	-11.891
48.623	-11.861
48.923	-11.771
49.043	-11.771
49.103	-11.741
POLYLINE BLACK
45.353	-11.231
45.653	-11.561
POLYLINE BLACK
42.053	-13.031
42.113	-13.181
42.233	-13.331
42.353	-13.301
42.413	-13.301
42.653	-13.121
42.713	-13.121
42.773	-13.061
42.953	-13.031
43.073	-12.941
43.193	-12.911
43.313	-12.791
43.613	-12.731
43.733	-12.701
43.853	-12.701
43.973	-12.641
44.153	-12.641
44.333	-12.581
44.543	-12.581
44.813	-12.521
44.903	-12.431
45.023	-12.461
45.023	-12.401
POLYLINE BLACK
39.323	-9.531
39.463	-9.711
39.643	-9.791
39.723	-9.791
39.843	-9.851
39.963	-9.851
40.043	-9.871
40.263	-9.891
40.303	-9.871
40.343	-9.891
40.503	-9.811
40.583	-9.811
40.763	-9.711
40.803	-9.711
40.923	-9.811
41.083	-9.891
41.163	-9.891
41.243	-9.951
41.443	-9.951
41.623	-9.991
41.663	-9.991
41.723	-10.031
42.003	-10.031
42.043	-10.011
42.123	-10.031
POLYLINE BLACK
39.103	-11.471
39.143	-11.471
39.243	-11.591
39.283	-11.591
39.323	-11.631
39.403	-11.651
39.483	-11.711
39.563	-11.731
39.923	-12.011
40.003	-12.071
40.103	-12.131
40.223	-12.231
40.403	-12.331
40.543	-12.391
40.803	-12.571
40.983	-12.691
41.103	-12.811
41.483	-13.051
41.803	-13.331
41.963	-13.451
42.043	-13.471
42.123	-13.531
POLYLINE BLACK
34.923	-15.011
34.983	-15.231
35.083	-15.331
35.163	-15.571
35.223	-15.871
35.263	-16.091
35.283	-16.251
35.283	-16.431
35.263	-16.511
35.263	-16.631
35.243	-16.711
35.223	-16.891
35.203	-16.971
POLYLINE BLACK
35.063	-16.831
35.063	-16.911
34.903	-16.951
34.823	-16.931
34.743	-16.911
34.703	-16.931
34.663	-16.891
34.583	-16.911
34.503	-16.891
34.463	-16.911
34.383	-16.891
34.303	-16.911
34.263	-16.931
34.243	-16.851
34.243	-16.671
34.263	-16.591
34.263	-16.511
34.323	-16.291
34.403	-16.051
34.403	-15.971
34.523	-15.571
34.663	-15.351
34.703	-15.331
34.723	-15.251
34.823	-15.151
34.863	-15.151
34.943	-15.011
POLYLINE CONNECT
35.163	-15.931
39.087	-10.432
POLYLINE BLACK
38.163	-11.791
38.123	-11.831
38.083	-11.831
38.123	-11.871
38.203	-11.851
38.363	-11.771
38.443	-11.751
38.523	-11.731
38.603	-11.711
38.643	-11.671
38.703	-11.671
38.743	-11.651
38.783	-11.671
39.023	-11.571
39.063	-11.571
39.103	-11.531
39.143	-11.531
POLYLINE BLACK
38.183	-10.011
38.323	-10.091
38.403	-10.091
38.603	-10.151
38.683	-10.151
38.763	-10.131
38.883	-10.131
39.043	-10.031
39.203	-9.691
POLYLINE GREEN
33.303	-14.131
33.223	-14.151
33.143	-14.111
33.083	-14.291
33.063	-14.451
33.083	-14.551
33.163	-14.671
33.223	-14.591
33.283	-14.371
33.283	-14.271
33.303	-14.191
33.303	-14.111
POLYLINE GREEN
32.963	-13.431
32.943	-13.591
32.943	-13.831
32.983	-13.931
33.063	-13.971
33.103	-13.951
33.123	-13.831
33.103	-13.771
33.103	-13.571
33.123	-13.491
33.123	-13.431
33.163	-13.411
POLYLINE GREEN
31.763	-14.471
31.723	-14.471
31.703	-14.571
31.703	-14.691
31.723	-14.731
31.863	-14.591
31.983	-14.291
32.003	-14.211
32.043	-14.071
POLYLINE GREEN
31.923	-13.931
31.863	-14.011
31.883	-14.091
31.883	-14.171
32.003	-14.111
32.083	-13.911
32.183	-13.791
POLYLINE GREEN
32.243	-13.131
32.223	-13.311
32.163	-13.371
32.123	-13.551
32.143	-13.631
32.143	-13.671
32.183	-13.691
32.303	-13.631
32.443	-13.411
32.463	-13.331
32.503	-13.291
POLYLINE BLACK
32.823	-13.451
32.823	-13.491
32.783	-13.491
32.783	-13.571
32.863	-13.751
32.903	-13.791
32.923	-13.871
33.043	-14.231
33.043	-14.411
33.063	-14.491
33.063	-14.611
32.963	-14.771
32.963	-15.011
33.063	-15.231
POLYLINE BLACK
31.843	-15.431
31.843	-15.491
31.803	-15.531
31.763	-15.411
31.783	-15.331
31.903	-15.131
31.903	-14.971
32.063	-14.571
32.083	-14.491
32.183	-14.331
32.243	-14.191
32.463	-13.871
32.523	-13.811
32.703	-13.531
32.763	-13.451
POLYLINE BLACK
31.883	-15.651
31.883	-15.611
31.963	-15.591
32.163	-15.511
32.203	-15.531
32.243	-15.491
32.403	-15.531
32.483	-15.531
32.563	-15.511
32.643	-15.511
32.803	-15.451
32.843	-15.471
32.963	-15.431
33.043	-15.431
33.203	-15.331
POLYLINE CONNECT
32.583	-14.731
38.128	-11.047
POLYLINE BLACK
38.083	-11.031
38.123	-11.031
POLYLINE BLACK
35.963	-10.031
36.023	-10.111
36.063	-10.091
36.183	-10.151
36.243	-10.211
36.323	-10.231
36.423	-10.271
36.503	-10.251
36.583	-10.271
36.703	-10.251
36.903	-10.191
36.943	-10.191
37.023	-10.131
37.063	-10.131
37.123	-10.051
37.163	-10.051
37.163	-10.011
37.183	-10.051
37.263	-10.071
37.343	-10.131
37.463	-10.131
37.623	-10.171
37.703	-10.151
37.823	-10.171
37.903	-10.151
38.103	-10.111
38.263	-10.011
38.363	-9.911
POLYLINE BLACK
36.663	-10.011
36.783	-10.291
POLYLINE BLACK
35.943	-11.571
35.983	-11.671
36.103	-11.611
36.263	-11.591
36.423	-11.631
36.463	-11.611
36.763	-11.671
36.843	-11.691
37.003	-11.691
37.083	-11.711
37.163	-11.731
37.203	-11.711
37.363	-11.751
37.443	-11.771
37.483	-11.751
37.523	-11.791
37.763	-11.791
37.803	-11.811
37.843	-11.791
37.963	-11.831
38.003	-11.811
38.043	-11.851
38.083	-11.831
