Swil20171014_BarnesLoopToTratmans   (m, 360)

[1]: 2017/10/14     0.00  "Paul Taylor on Footleg's DistoX2 2609 \rFootleg sketching \rTim Kent dog"


    22.10       23.0       0.000    0.00    0.00  [1]    
    23.0                   3.745  357.67    1.46  [1]    
    23.0                   3.907  328.75   -1.37  [1]    
    23.0                   1.581  263.14   -2.03  [1]    
    23.0                   0.574   72.86   42.78  [1]    
    23.0                   2.246  332.07   86.90  [1]    
    23.0                   0.146  258.56  -78.59  [1]    
    23.0                   1.526  342.65   -8.88  [1]    
    23.0        23.1       3.623  169.93   34.32  [1]    
    23.0        23.1       3.623  169.88   34.43  [1]    
    23.0        23.1       3.622  169.82   34.44  [1]    
    23.1                   1.983   59.36  -84.37  [1]    
    23.1                   1.396   60.25   -1.76  [1]    
    23.1                   3.805  100.84   85.81  [1]    
    23.1                   3.524  189.87  -48.32  [1]    
    23.1                   3.484  355.70   29.51  [1]    
    23.1                   6.802    3.75   40.83  [1]    
    23.1        23.2       3.120  126.43  -16.77  [1]    
    23.1        23.2       3.119  126.39  -16.89  [1]    
    23.1        23.2       3.124  126.42  -16.81  [1]    
    23.2                   1.556  235.20   -5.49  [1]    
    23.2                   6.776  182.85   85.00  [1]    
    23.2                   0.185   68.98    3.62  [1]    
    23.2                   0.697  247.07  -47.07  [1]    
    23.2                   2.704   51.48   60.85  [1]    
    23.2        23.3       2.548  192.05    3.15  [1]    
    23.2        23.3       2.546  192.05    3.18  [1]    
    23.2        23.3       2.552  191.97    3.08  [1]    
    23.3                   0.831  313.20  -85.83  [1]    
    23.3                   1.400   49.91   28.17  [1]    
    23.3                   0.295  118.79   86.79  [1]    
    23.3        23.4       4.055  132.15   -8.83  [1]    
    23.3        23.4       4.049  132.07   -8.83  [1]    
    23.3        23.4       4.038  132.17   -9.05  [1]    
    23.4                   1.324  236.83    2.98  [1]    
    23.4                   1.974  242.44   85.95  [1]    
    23.4                   0.645   72.26   19.46  [1]    
    23.4                   1.247   49.54    7.19  [1]    
    23.4                   0.496  330.13  -87.41  [1]    
    23.4        23.5       5.877  148.22  -10.26  [1]    
    23.4        23.5       5.883  148.25  -10.26  [1]    
    23.4        23.5       5.887  148.14  -10.23  [1]    
    23.5                   1.675  242.72    2.65  [1]    
    23.5                   3.923  291.99   85.67  [1]    
    23.5                   1.761  208.36  -86.70  [1]    
    23.5        23.6       7.234  157.23  -26.19  [1]    
    23.5        23.6       7.237  157.30  -26.22  [1]    
    23.5        23.6       7.235  157.23  -26.18  [1]    
    23.6                   1.756  249.22    1.54  [1]    
    23.6                   0.933   88.85   24.54  [1]    
    23.6                   5.717  240.65   82.21  [1]    
    23.6        23.7       3.392  189.72    6.47  [1]    "23.7=tip of taller stalagmite in middle of calcite constriction after pool"
    23.6        23.7       3.391  189.68    6.50  [1]    
    23.6        23.7       3.389  189.77    6.57  [1]    
    23.7                   0.346  277.96   10.02  [1]    
    23.7                   0.171   99.49    2.86  [1]    
    23.7                   0.783  140.67   88.14  [1]    
    23.7                   0.454  323.18  -85.47  [1]    
    23.7        23.8       3.319  178.77   11.58  [1]    
    23.7        23.8       3.322  178.89   11.54  [1]    
    23.7        23.8       3.321  178.82   11.55  [1]    
    23.8                   1.539  313.98   -1.44  [1]    
    23.8                   4.732  262.64   84.40  [1]    
    23.8                   1.580  328.12  -52.28  [1]    
    23.8        23.9       4.689  271.60  -25.22  [1]    
    23.8        23.9       4.685  271.58  -25.15  [1]    
    23.8        23.9       4.689  271.58  -25.15  [1]    
    23.9                   5.152  293.74   83.81  [1]    
    23.9                   0.947   33.50    1.97  [1]    
    23.9                   1.507   63.38  -76.84  [1]    
    23.9                   2.031  129.72    3.53  [1]    
    23.9                   2.756   97.98   -4.98  [1]    
    23.9                   2.413  224.33   18.73  [1]    
    23.9        23.10      2.984  303.78   13.28  [1]    
    23.9        23.10      2.989  303.80   13.26  [1]    
    23.9        23.10      2.989  303.78   13.24  [1]    
    23.10                  4.351  166.84   75.25  [1]    
    23.10                  0.823  190.89   -2.85  [1]    
    23.10                  0.202    7.20   24.33  [1]    
    23.10                  3.246  231.17  -85.68  [1]    
    23.10       23.11      3.624  276.23  -20.93  [1]    
    23.10       23.11      3.632  276.25  -20.91  [1]    
    23.10       23.11      3.629  276.37  -20.92  [1]    
    23.11                  1.925  148.84  -86.15  [1]    
    23.11                  2.298  350.10   86.78  [1]    
    23.11                  0.705  172.39   11.10  [1]    
    23.11                  2.686  182.68   42.30  [1]    
    23.11       23.12      4.815  236.41  -37.62  [1]    "23.12=small grey rock in calcite, tie in station in streamway "
    23.11       23.12      4.825  236.33  -37.67  [1]    
    23.11       23.12      4.825  236.38  -37.63  [1]    
    23.12                  3.982  299.27   88.57  [1]    
    23.12                  2.677  351.74    0.85  [1]    
    23.12                  3.182  333.54  -38.12  [1]    
    23.12                  0.425  183.18    5.65  [1]    
    23.12       23.13      1.458  266.15   24.14  [1]    
    23.12       23.13      1.460  266.15   24.16  [1]    
    23.12       23.13      1.458  266.27   24.12  [1]    
    23.13                  0.983  103.32    4.72  [1]    
    23.13                  0.740  116.82  -84.13  [1]    
    23.13                  1.757  275.21   83.79  [1]    
    23.13       23.14      6.191  163.73   10.01  [1]    
    23.13       23.14      6.202  163.73   10.12  [1]    
    23.13       23.14      6.153  163.62   10.06  [1]    
    23.14                  0.410   71.29    0.34  [1]    
    23.14                  0.172  255.88    6.30  [1]    
    23.14                  0.358  309.89   87.13  [1]    
    23.14                  0.237  359.71  -84.56  [1]    
    23.12                  0.000    0.00    0.00  [1]    
    23.12       23.15      5.473  299.73   -9.93  [1]    
    23.12       23.15      5.471  299.61  -10.00  [1]    
    23.12       23.15      5.471  299.64   -9.95  [1]    
    23.15                  3.791  259.73   81.90  [1]    
    23.15                  2.018  173.20    8.34  [1]    
    23.15                  1.811  161.63  -74.26  [1]    
    23.15                  6.954  358.59   45.14  [1]    
    23.15                  2.082  262.79   39.85  [1]    
    23.15       23.16      6.590   17.35   51.15  [1]    
    23.15       23.16      6.595   17.28   51.09  [1]    
    23.15       23.16      6.600   17.34   51.10  [1]    
    23.16                  2.128  241.07  -16.03  [1]    
    23.16                  1.289  330.38  -86.03  [1]    
    23.16       23.17      3.592  308.52   -4.20  [1]    
    23.16       23.17      3.581  308.40   -4.28  [1]    
    23.16       23.17      3.582  308.46   -4.15  [1]    
    23.17                  0.420  228.07    3.78  [1]    
    23.17                  0.391  306.83   84.57  [1]    
    23.17                  0.695   49.89    2.87  [1]    
    23.17       23.18      3.475  327.96    1.49  [1]    
    23.17       23.18      3.487  327.67    1.41  [1]    
    23.17       23.18      3.489  327.38    1.46  [1]    
    23.18                  0.317  250.27    3.07  [1]    
    23.18                  0.376   53.14    1.87  [1]    
    23.18                  0.210  175.97   86.91  [1]    
    23.18                  0.222  299.31  -85.68  [1]    
    23.15                  0.000    0.00    0.00  [1]    
    23.15       23.12      5.455  119.75    9.99  [1]    
    23.15       23.12      5.444  119.70   10.00  [1]    
    23.15       23.12      5.440  119.50   10.07  [1]    
    23.15                  0.000    0.00    0.00  [1]    
    23.15       23.19      5.882  243.17  -23.29  [1]    
    23.15       23.19      5.871  243.11  -23.26  [1]    
    23.15       23.19      5.871  243.07  -23.20  [1]    
    23.19       23.15      5.856   62.66   23.14  [1]    
    23.19       23.15      5.855   62.67   23.09  [1]    
    23.19       23.15      5.860   62.58   23.20  [1]    
    23.19                  8.379  355.33   85.48  [1]    
    23.19                  0.949  353.33   -4.03  [1]    
    23.19                  0.615  170.90    9.51  [1]    
    23.19                  0.996   51.43  -69.02  [1]    
    23.19       23.20      4.207  296.22  -20.07  [1]    
    23.19       23.20      4.192  296.21  -20.15  [1]    
    23.19       23.20      4.211  296.35  -20.14  [1]    
    23.20       23.19      4.212  116.25   20.35  [1]    
    23.20       23.19      4.203  116.31   20.33  [1]    
    23.20       23.19      4.223  116.35   20.52  [1]    
    23.20                  1.804   62.03  -88.78  [1]    
    23.20                  3.455  192.77   -7.52  [1]    
    23.20                  1.534  200.58   66.80  [1]    
    23.20       23.21      6.386  220.77   22.94  [1]    "23.21=top of large prominent stalagmite high up on top of calcite slope "
    23.20       23.21      6.386  220.74   22.86  [1]    
    23.20       23.21      6.380  220.69   22.96  [1]    
    23.21       23.20      6.386   40.25  -22.89  [1]    
    23.21       23.20      6.383   40.29  -22.91  [1]    
    23.21       23.20      6.380   40.27  -22.91  [1]    
    23.20                  0.000    0.00    0.00  [1]    
    23.20       23.22      4.080  239.75  -19.29  [1]    
    23.20       23.22      4.080  239.62  -19.32  [1]    
    23.20       23.22      4.079  239.62  -19.31  [1]    
    23.22       23.20      4.073   59.82   19.71  [1]    
    23.22       23.20      4.075   59.89   19.62  [1]    
    23.22       23.20      4.070   59.73   19.68  [1]    
    23.22                  4.017   16.04   -2.65  [1]    
    23.22                  0.599  358.78  -73.23  [1]    
    23.22                  0.837  330.75    2.38  [1]    
    23.22                  8.495  161.12   81.87  [1]    
    23.22       23.23      3.442  254.11  -26.36  [1]    
    23.22       23.23      3.442  254.01  -26.33  [1]    
    23.22       23.23      3.443  254.08  -26.40  [1]    
    23.23       23.22      3.416   74.10   26.49  [1]    
    23.23       23.22      3.411   74.07   26.35  [1]    
    23.23       23.22      3.413   73.99   26.35  [1]    
    23.23                  0.765  137.83   -2.39  [1]    
    23.23                  0.659  115.81   75.87  [1]    
    23.23                  1.246  260.93  -77.47  [1]    
    23.23                  0.345  317.83   -4.27  [1]    
    23.23                  2.605  213.87   -7.58  [1]    
    23.23       23.24      3.461  186.24   -9.17  [1]    
    23.23       23.24      3.462  186.25   -9.17  [1]    
    23.23       23.24      3.456  186.29   -9.20  [1]    
    23.24       23.23      3.459    6.31    9.28  [1]    
    23.24       23.23      3.463    6.27    9.23  [1]    
    23.24       23.23      3.465    6.24    9.27  [1]    
    23.24                  0.856   34.11  -83.80  [1]    
    23.24                  8.462   57.38   70.81  [1]    
    23.24                  1.729   74.95    3.09  [1]    
    23.24       23.25      3.811  135.93   -1.64  [1]    "23.25=rough calcite blob which is stuck out into passage on tip of calcite  flowstone covered overhanging shelf "
    23.24       23.25      3.809  135.93   -1.62  [1]    
    23.24       23.25      3.807  135.98   -1.60  [1]    
    23.25       23.24      3.832  315.90    1.74  [1]    
    23.25       23.24      3.834  315.93    1.74  [1]    
    23.25       23.24      3.834  315.91    1.76  [1]    
    23.25                  3.457   67.18   78.74  [1]    
    23.25                  2.469  225.26  -74.63  [1]    
    23.25                  1.412  234.11   -9.93  [1]    
    23.25                  0.740   51.68   20.08  [1]    
    23.25                  2.234   61.42   46.65  [1]    
    23.25       23.26      6.572  138.48   -8.86  [1]    
    23.25       23.26      6.576  138.50   -8.86  [1]    
    23.25       23.26      6.570  138.48   -8.85  [1]    
    23.26       23.25      6.558  318.15    8.72  [1]    
    23.26       23.25      6.543  318.28    8.62  [1]    
    23.26       23.25      6.562  318.25    8.66  [1]    
    23.26                  1.552  244.04   -0.31  [1]    
    23.26                  1.627  229.99  -69.19  [1]    
    23.26                  7.463  243.77   87.53  [1]    
    23.26                  0.200   38.10    2.29  [1]    
    23.26       23.27      7.753  182.79  -11.20  [1]    "23.27=top of smooth stumpy stalagmite protruding from wall at eye height on RH wall looking downstream "
    23.26       23.27      7.751  182.80  -11.13  [1]    
    23.26       23.27      7.784  182.86  -11.10  [1]    
    23.27       23.26      7.774    2.29   11.07  [1]    
    23.27       23.26      7.771    2.32   11.12  [1]    
    23.27       23.26      7.784    2.37   11.06  [1]    
    23.27                  1.448   69.72   -3.89  [1]    
    23.27                  1.563   75.17  -87.77  [1]    
    23.27                  9.077   53.68   77.74  [1]    
    23.27                  0.390  273.73    7.36  [1]    
    23.27       23.28      5.670  148.02  -11.38  [1]    
    23.27       23.28      5.680  148.01  -11.33  [1]    
    23.27       23.28      5.684  147.91  -11.30  [1]    
    23.28       23.27      5.687  328.59   11.46  [1]    
    23.28       23.27      5.678  328.50   11.51  [1]    
    23.28       23.27      5.676  328.45   11.50  [1]    
    23.28                  1.916  295.45   -0.31  [1]    
    23.28                  2.400  297.22  -55.25  [1]    
    23.28                  0.270  118.90    8.77  [1]    
    23.28                  7.836  223.05   86.30  [1]    
    23.28       23.29      4.178  259.60  -11.60  [1]    
    23.28       23.29      4.177  259.72  -11.63  [1]    
    23.28       23.29      4.189  259.65  -11.65  [1]    
    23.29       23.28      4.180   78.78   11.30  [1]    
    23.29       23.28      4.180   78.76   11.22  [1]    
    23.29       23.28      4.187   78.87   11.27  [1]    
    23.29                  1.298   27.00    1.22  [1]    
    23.29                  1.823   29.38  -63.79  [1]    
    23.29                  0.347  208.25   -4.32  [1]    
    23.29                  1.137   68.32   83.50  [1]    
    23.29                  8.720  200.27   70.98  [1]    
    23.29       23.30      3.373  309.28   -5.76  [1]    
    23.29       23.30      3.368  309.34   -5.80  [1]    
    23.29       23.30      3.375  309.33   -5.80  [1]    
    23.30       23.29      3.361  129.70    5.79  [1]    
    23.30       23.29      3.367  129.67    5.73  [1]    
    23.30       23.29      3.368  129.65    5.76  [1]    
    23.30                  1.219  179.68   -3.16  [1]    
    23.30                  1.627  163.95  -72.00  [1]    
    23.30                  0.246    3.10   11.99  [1]    
    23.30                  7.802  192.83   62.03  [1]    
    23.30       23.31      4.686  247.56  -15.72  [1]    
    23.30       23.31      4.684  247.57  -15.70  [1]    
    23.30       23.31      4.682  247.52  -15.74  [1]    
    23.31       23.30      4.684   67.21   15.55  [1]    
    23.31       23.30      4.694   67.15   15.57  [1]    
    23.31       23.30      4.696   67.19   15.55  [1]    
    23.31                  0.668  345.46    2.40  [1]    
    23.31                  0.277  149.45    5.30  [1]    
    23.31                  1.032  354.84  -83.39  [1]    
    23.31                  8.007  149.83   68.19  [1]    
    23.31       23.32      4.190  241.39   -1.63  [1]    "23.32=top of round smooth flat topped stalagmite on RH wall looking downstream at climb up into Tratman's Temple"
    23.31       23.32      4.192  241.33   -1.61  [1]    
    23.31       23.32      4.191  241.29   -1.64  [1]    
    23.32       23.31      4.192   60.92    1.51  [1]    
    23.32       23.31      4.196   61.11    1.48  [1]    
    23.32       23.31      4.196   61.05    1.48  [1]    
    23.32                  0.654  143.27   -1.45  [1]    
    23.32                  0.261  323.43    4.30  [1]    
    23.32                  1.946  137.72  -64.14  [1]    
    23.32                  6.999  134.74   77.39  [1]    
    23.32       23.33      2.665  218.44   41.74  [1]    "23.33=top point of boulder on calcite bridge at top of climb out of stream at Tratman's Temple. Small white calcite vein in tip of this rock.  "
    23.32       23.33      2.662  218.28   41.72  [1]    
    23.32       23.33      2.659  218.36   41.70  [1]    
    23.33       23.32      2.662   38.81  -41.90  [1]    
    23.33       23.32      2.651   38.82  -41.76  [1]    
    23.33       23.32      2.652   38.80  -41.85  [1]    
    23.33                  0.540  320.61   12.92  [1]    
    23.33                  1.019  118.49    0.84  [1]    
    23.33                  3.393  163.15   83.72  [1]    
    23.33                  4.229   40.12  -79.16  [1]    
