Swil20130630_LowerEntAreaViaShowerbathToBaptism   (m, 360)

[1]: 2013/06/30     0.00  "WSCC DistoX-Footleg\rPDA-Ben Kent"


     2.0        20.0       0.000    0.00    0.00  [1]    
    20.0        20.1       3.872  261.83  -26.32  [1]    "20.1=small grey double hump stalagmite on back wall"
    20.0        20.1       3.872  261.73  -26.35  [1]    
    20.0        20.1       3.873  261.81  -26.26  [1]    
    20.1        20.2       2.552  125.66  -19.32  [1]    
    20.1        20.2       2.551  125.59  -19.25  [1]    
    20.1        20.2       2.551  125.81  -19.36  [1]    
    20.2                   0.910  250.27    7.92  [1]    
    20.2                   0.767  171.08  -87.61  [1]    
    20.2                   0.810  255.66   49.75  [1]    
    20.2                   0.244   67.33   -0.18  [1]    
    20.2                   3.811  229.59   62.45  [1]    
    20.2        20.3       5.294  151.02   -7.59  [1]    
    20.2        20.3       5.295  150.90   -7.52  [1]    
    20.2        20.3       5.294  150.66   -7.70  [1]    
    20.3                   0.985    5.09  -20.60  [1]    
    20.3                   0.447  330.90   23.74  [1]    
    20.3                   1.153  347.72  -26.49  [1]    
    20.3        20.4       1.831   63.92  -43.25  [1]    
    20.3        20.4       1.839   64.03  -43.25  [1]    
    20.3        20.4       1.834   63.86  -43.12  [1]    
    20.4                   0.885  254.64   -4.95  [1]    
    20.4                   0.307   92.19   22.06  [1]    
    20.4                   0.774  180.62   67.03  [1]    
    20.4                   0.567  170.18  -74.58  [1]    
    20.4        20.5       3.112  176.63  -12.19  [1]    
    20.4        20.5       3.152  176.50  -12.23  [1]    
    20.4        20.5       3.114  176.59  -12.08  [1]    
    20.5                   0.889   62.62   28.28  [1]    
    20.5                   0.613  237.44  -20.17  [1]    
    20.5                   0.892  293.48   79.22  [1]    
    20.5                   0.563  337.49  -44.42  [1]    
    20.5        20.6       1.396  257.59  -52.48  [1]    
    20.5        20.6       1.395  257.73  -52.47  [1]    
    20.5        20.6       1.395  257.62  -52.45  [1]    
    20.6                   0.523  318.37   75.96  [1]    
    20.6                   0.349   16.99    1.82  [1]    
    20.6                   0.189  324.08  -71.45  [1]    
    20.6        20.7       2.404  284.47  -13.20  [1]    
    20.6        20.7       2.403  284.51  -12.96  [1]    
    20.6        20.7       2.397  284.49  -12.96  [1]    
    20.7                   0.405  195.25   -1.25  [1]    
    20.7                   0.317  213.01   45.13  [1]    
    20.7                   0.416  157.49  -56.01  [1]    
    20.3        20.8       2.582   64.45    1.82  [1]    "20.8=calcite knob highest point on boulder"
    20.3        20.8       2.580   64.14    1.90  [1]    
    20.3        20.8       2.580   64.32    1.84  [1]    
    20.8                   0.976  338.09   -7.20  [1]    
    20.8                   1.329  152.73    8.89  [1]    
    20.8                   0.383  331.75   81.25  [1]    
    20.8                   1.898  340.12  -69.71  [1]    
    20.8                   0.888  274.97  -54.79  [1]    
    20.8                   1.079  232.73    0.66  [1]    
    20.8        20.9       2.799   62.03    1.40  [1]    
    20.8        20.9       2.799   61.89    1.41  [1]    
    20.8        20.9       2.802   61.90    1.44  [1]    
    20.9                   2.807  191.74    9.89  [1]    
    20.9                   2.157  134.18   25.75  [1]    
    20.9                   2.164   50.11   -6.32  [1]    
    20.9                   1.259    6.31  -16.99  [1]    
    20.9                   1.131  289.11   75.43  [1]    
    20.9                   2.721   79.01   66.64  [1]    
    20.9                   0.850  267.86  -82.70  [1]    
    20.9        20.10      5.668  274.19  -29.94  [1]    
    20.9        20.10      5.672  274.41  -29.89  [1]    
    20.9        20.10      5.667  274.31  -29.94  [1]    
    20.10                  0.671    2.50   88.13  [1]    
    20.10                  0.229  135.92  -83.36  [1]    
    20.10                  1.219  201.08    3.08  [1]    
    20.10                  3.642   11.56   12.96  [1]    
    20.10                  1.918  335.12    9.74  [1]    
    20.10                  2.378  307.32   -7.29  [1]    
    20.10       20.11      4.211  315.27   -5.18  [1]    
    20.10       20.11      4.216  315.19   -5.25  [1]    
    20.10       20.11      4.207  315.27   -5.11  [1]    
    20.11                  0.554   90.17  -18.10  [1]    
    20.11                  0.853  207.55  -12.11  [1]    
    20.11                  0.478   85.91  -82.18  [1]    
    20.11                  1.301  348.21  -63.09  [1]    
    20.11       20.12      0.458  277.49  -49.08  [1]    "20.12= red paint mark"
    20.11       20.12      0.459  276.99  -49.43  [1]    
    20.11       20.12      0.460  277.23  -49.54  [1]    
    20.12                  0.214  238.72    1.25  [1]    
    20.12       20.13      2.984   11.97    3.84  [1]    
    20.12       20.13      2.991   11.84    3.92  [1]    
    20.12       20.13      2.987   11.97    3.91  [1]    
    20.13                  1.418  174.80   78.06  [1]    
    20.13                  0.295  315.88  -80.15  [1]    
    20.13                  2.311  246.88   74.77  [1]    
    20.13                  1.564  189.37   17.65  [1]    
    20.13                  3.021  211.37  -11.39  [1]    
    20.13                  3.146  248.27  -16.57  [1]    
    20.13                  1.773  297.77   -6.34  [1]    
    20.13                  3.858  328.15   -4.42  [1]    
    20.13                  4.282  343.90   -3.07  [1]    
    20.13                  3.091   19.95    6.70  [1]    
    20.13                  4.263   37.78   13.46  [1]    
    20.13                  3.802   64.26   16.75  [1]    
    20.13                  4.716   82.28   18.14  [1]    
    20.13                  1.833   98.00   23.43  [1]    
    20.13       20.14      1.509  326.91    1.35  [1]    "20.14=calcite tipped spike on ceiling over pit"
    20.13       20.14      1.510  326.89    1.13  [1]    
    20.13       20.14      1.510  326.86    1.02  [1]    
    20.13                  1.798  134.62   18.89  [1]    
    20.13       20.15      4.271  118.22   31.64  [1]    
    20.13       20.15      4.268  118.36   31.54  [1]    
    20.13       20.15      4.267  118.27   31.58  [1]    
    20.15                  2.100  311.12  -18.89  [1]    
    20.15                  0.289  304.38   72.17  [1]    
    20.15                  0.857  355.38  -83.90  [1]    
    20.15                  1.908  225.82  -10.33  [1]    
    20.15       20.16      2.482   36.15   13.41  [1]    
    20.15       20.16      2.478   36.18   13.29  [1]    
    20.15       20.16      2.480   36.02   13.41  [1]    
    20.16                  0.495  296.88   -8.43  [1]    
    20.16                  1.095  323.19  -84.96  [1]    
    20.16                  1.148  357.90   17.17  [1]    
    20.16                  1.739  355.61  -47.54  [1]    
    20.16                  3.340  281.30  -47.10  [1]    
    20.16       20.17      3.124  328.54   83.02  [1]    
    20.16       20.17      3.126  329.31   82.99  [1]    
    20.16       20.17      3.132  325.90   82.81  [1]    
    20.17                  0.724  273.55   72.14  [1]    
    20.17                  0.510  284.99  -34.65  [1]    
    20.17       20.18      1.349  214.28  -12.66  [1]    
    20.17       20.18      1.348  214.29  -12.67  [1]    
    20.17       20.18      1.348  214.40  -12.67  [1]    
    20.18       20.19      2.431  231.22   22.57  [1]    
    20.18       20.19      2.428  231.27   22.63  [1]    
    20.18       20.19      2.436  231.26   22.69  [1]    
    20.13                  0.000    0.00    0.00  [1]    
    20.13       20.20      2.142  331.91   -1.88  [1]    
    20.13       20.20      2.141  331.84   -1.84  [1]    
    20.13       20.20      2.142  332.05   -1.80  [1]    
    20.20                  1.142   42.18  -54.87  [1]    
    20.20                  1.185  122.45  -68.05  [1]    
    20.20                  0.359   67.41   74.28  [1]    
    20.20                  1.296   38.86  -71.88  [1]    
    20.20                  1.137   43.52  -52.40  [1]    
    20.20       20.21      2.839   49.26  -61.45  [1]    
    20.20       20.21      2.837   49.31  -61.40  [1]    
    20.20       20.21      2.837   49.11  -61.39  [1]    
    20.21                  0.376  306.70    3.51  [1]    
    20.21                  0.577   42.06  -16.72  [1]    
    20.21                  0.362  346.21   52.74  [1]    
    20.21       20.22      1.861  345.25   -9.15  [1]    
    20.21       20.22      1.863  345.69   -9.83  [1]    
    20.21       20.22      1.876  345.77   -9.73  [1]    
    20.22                  1.168  258.11   42.02  [1]    
    20.22                  0.370  242.14  -55.73  [1]    
    20.22                  0.359   39.38  -52.79  [1]    
    20.22       20.23      1.626  311.05   19.61  [1]    
    20.22       20.23      1.623  311.69   21.15  [1]    
    20.22       20.23      1.629  311.06   19.62  [1]    
    20.23                  0.423   64.58    4.20  [1]    
    20.23                  0.320  213.47   -9.32  [1]    
    20.23                  0.986   86.07  -87.31  [1]    
    20.23                  0.254   94.22   48.88  [1]    
    20.23       20.24      1.571  250.15  -33.24  [1]    
    20.23       20.24      1.570  249.89  -33.32  [1]    
    20.23       20.24      1.569  250.10  -33.24  [1]    
    20.24                  0.241    7.88   -0.38  [1]    
    20.24                  1.151   13.91   67.66  [1]    
    20.24       20.25      2.104  302.81    3.35  [1]    
    20.24       20.25      2.109  302.80    3.31  [1]    
    20.24       20.25      2.107  303.02    3.41  [1]    
    20.25                  0.589  203.43  -39.91  [1]    
    20.25                  0.728  124.92   74.91  [1]    
    20.25                  0.456   19.39  -52.00  [1]    
    20.25       20.26      2.596  266.59   31.40  [1]    
    20.25       20.26      2.599  267.45   31.74  [1]    
    20.26                  0.448  275.41  -83.91  [1]    
    20.26                  0.451  328.61  -88.28  [1]    
    20.26                  0.400  220.39  -21.96  [1]    
    20.26                  0.394  207.53  -25.01  [1]    
    20.26                  0.449   27.25    6.50  [1]    
    20.27       20.26      1.860  143.63   -4.35  [1]    
    20.26                  0.444   24.90    6.93  [1]    
    20.27                  0.780  175.30    4.50  [1]    
    20.27                  0.260   37.40   24.20  [1]    
    20.27                  0.310  183.80   49.90  [1]    
