Swil20130223_EntToWaterChamberViaPrettyWay   (m, 360)

[1]: 2012/09/09     0.00  
[2]: 2013/02/23     0.00  "Badger, Cave Ferret, Footleg"
[3]: 2013/02/24     0.00  "Badger, Paul Dold, Footleg"


     1.0                   0.000    0.00    0.00         "Entrance stn 1.1 is top tip of sticking out rock on RH side of blockhouse doorway, 56cm below lintel."
     1.0         1.1       2.985   10.23   -2.01  [1]    "1.1 has magnetic problems. So surveyed to it from knot on tree opposite door=1.0\rThen from knot to rear wall of blockhouse 1.0-1.2"
     1.0         1.1       2.983   10.29   -2.02  [1]    
     1.0         1.2       5.234    3.18   -5.07  [1]    "1.2=rawl plug on rear wall of blockhouse "
     1.0         1.2       5.240    3.25   -4.96  [1]    
     1.0         1.2       5.234    3.25   -5.08  [1]    
     1.2                   5.236  182.16    5.06  [1]    
     1.2                   1.893  187.97    3.09  [1]    
     1.2                   1.914  168.82    1.18  [1]    
     1.2                   1.383  218.59   -0.17  [1]    
     1.2                   0.644  248.05    1.54  [1]    
     1.2                   0.684  105.32   -3.30  [1]    
     1.2                   1.558  140.40   -2.98  [1]    
     1.2                   1.840  176.52  -47.48  [1]    
     1.2                   1.821  167.81  -47.93  [1]    
     1.2                   1.541  189.90  -63.97  [1]    
     1.2                   1.608  132.31  -59.62  [1]    
     1.2         1.3       2.635  166.54  -60.05  [1]    "1.3=Top left corner of stream culvert when looking out of cave"
     1.2         1.3       2.636  166.81  -60.10  [1]    
     1.2         1.3       2.634  166.74  -60.18  [1]    
     1.3                   0.225  345.81   60.30  [1]    
     1.3                   2.631  347.89   60.51  [1]    
     1.3                   0.938    9.90   76.67  [1]    
     1.3                   0.312  232.08   12.34  [1]    
     1.3                   0.351   31.05   10.29  [1]    
     1.3                   0.468    8.50  -70.77  [1]    
     1.3         1.4       3.108  330.39  -25.13  [1]    
     1.3         1.4       3.111  330.55  -25.13  [1]    
     1.3         1.4       3.085  331.35  -25.13  [1]    
     1.4                   3.116  152.39   25.35  [1]    
     1.4                   0.561  208.59   -0.68  [1]    
     1.4                   0.589  140.67   80.22  [1]    
     1.4                   1.318  189.06  -86.08  [1]    
     1.4                   1.496   43.79   87.42  [1]    
     1.4         1.5       4.507  275.74  -12.18  [1]    "1.5=polished tip of pointy boulder by top of drop into lower level of chamber. Boulder is dark grey with white flecks and fossils."
     1.4         1.5       4.518  275.89  -12.06  [1]    
     1.4         1.5       4.511  275.76  -12.05  [1]    
     1.5                   4.511   94.74   12.12  [1]    
     1.5                   3.446  123.81    5.64  [1]    
     1.5                   3.514  134.15    0.14  [1]    
     1.5                   6.656  129.46   11.11  [1]    
     1.5                   2.325  149.61   -6.69  [1]    
     1.5                   1.639  153.47  -11.17  [1]    
     1.5                   0.791  252.58  -12.22  [1]    
     1.5                   1.217  296.10   -7.82  [1]    
     1.5                   2.959  296.71  -23.02  [1]    
     1.5                   1.507   42.54   10.51  [1]    
     1.5                   4.241   72.82   11.85  [1]    
     1.5                   0.696  333.90   81.49  [1]    
     1.5                   0.547  114.68  -67.13  [1]    
     1.5         1.6       2.414   50.56  -22.29  [1]    
     1.5         1.6       2.403   50.78  -22.36  [1]    
     1.5         1.6       2.408   50.67  -22.34  [1]    
     1.6                   2.376  230.76   22.40  [1]    
     1.6                   0.351    2.58   81.25  [1]    
     1.6                   0.296  220.39  -79.38  [1]    
     1.6                   0.507  299.09   -0.90  [1]    
     1.6                   0.208  108.28    1.25  [1]    
     1.6         1.7       1.085   37.46   11.50  [1]    
     1.6         1.7       1.085   37.33   11.54  [1]    
     1.6         1.7       1.084   37.11   11.54  [1]    
     1.7                   1.090  217.24  -12.21  [1]    
     1.7                   0.797  327.16   66.53  [1]    
     1.7                   4.115  176.11  -83.10  [1]    
     1.7                   0.723  287.69  -77.51  [1]    
     1.7                   0.599  292.40  -18.76  [1]    
     1.7                   2.024  100.10   16.73  [1]    
     1.7         1.8       2.002    6.04   11.52  [1]    
     1.7         1.8       1.999    6.07   11.51  [1]    
     1.7         1.8       1.996    6.18   11.49  [1]    
     1.8                   2.005  184.82  -11.17  [1]    
     1.8                   1.469   98.32   -7.52  [1]    
     1.8                   0.191  105.24   52.84  [1]    
     1.8                   1.241  102.22  -61.02  [1]    
     1.8                   0.884  109.39    0.40  [1]    
     1.8         1.9       1.004   56.71    0.14  [1]    "1.9=bottom point of sharp vertical edge of boulder forming ceiling "
     1.8         1.9       1.010   56.56    0.24  [1]    
     1.8         1.9       1.010   56.54    0.17  [1]    
     1.9                   1.024  236.71   -0.46  [1]    
     1.9                   0.479   12.78   64.51  [1]    
     1.9                   0.602  279.77   -8.53  [1]    
     1.9                   0.469  275.64  -73.34  [1]    
     1.9                   3.537   74.99    6.08  [1]    
     1.9         1.10      3.064  336.58    5.75  [1]    "1.10=bottom of cream calcite rib running down RH wall"
     1.9         1.10      3.065  336.43    5.74  [1]    
     1.9         1.10      3.072  336.55    5.93  [1]    
     1.10                  3.079  156.19   -6.26  [1]    
     1.10                  0.580  232.61   -1.43  [1]    
     1.10                  1.308   64.76  -58.36  [1]    
     1.10                  1.426  101.23  -11.90  [1]    
     1.10                  1.139   78.33  -36.92  [1]    
     1.9         1.11      2.423   64.65    5.31  [1]    
     1.9         1.11      2.422   64.64    5.28  [1]    
     1.9         1.11      2.418   64.64    5.29  [1]    
     1.11                  2.423  245.35   -5.41  [1]    
     1.11                  0.438  233.11   24.20  [1]    
     1.11                  0.199   42.71  -21.97  [1]    
     1.11                  0.452  239.67   46.05  [1]    
     1.11                  0.493  178.37  -53.68  [1]    
     1.11                  3.298  118.39   17.88  [1]    
     1.11        1.12      4.506  106.48   19.33  [1]    
     1.11        1.12      4.499  106.54   19.29  [1]    
     1.11        1.12      4.497  106.66   19.25  [1]    
     1.12                  0.246  297.10   84.93  [1]    
     1.12                  0.262  127.16  -84.07  [1]    
     1.12                  0.597  197.87   18.66  [1]    
     1.12                  1.169  327.17   -9.65  [1]    
     1.12                  1.632   13.18   -2.28  [1]    
     1.12                  1.864   96.76   12.16  [1]    
     1.10                  3.756  209.97   51.34  [1]    
     1.10        1.13      0.942   80.62  -45.73  [1]    
     1.10        1.13      0.942   80.46  -45.58  [1]    
     1.10        1.13      0.943   80.57  -45.59  [1]    
     1.13                  0.936  259.78   45.32  [1]    
     1.13                  0.843   97.15   56.57  [1]    
     1.13                  1.155  144.82   14.01  [1]    
     1.13                  0.485  130.78  -25.41  [1]    
     1.13                  0.583  324.87   25.54  [1]    
     1.13        1.14      5.317   65.34   19.51  [1]    
     1.13        1.14      5.311   65.12   19.54  [1]    
     1.13        1.14      5.309   65.03   19.45  [1]    
     1.14                  5.822  246.22  -19.66  [1]    
     1.14                  0.643  206.92  -10.28  [1]    
     1.14                  0.545  185.33  -53.51  [1]    
     1.14                  0.212  279.32   69.67  [1]    
     1.14                  2.086  161.86    8.15  [1]    
     1.14                  0.850  285.98  -13.42  [1]    
     1.10                  0.000    0.00    0.00  [1]    
     1.10        1.15      3.267  329.14  -18.23  [1]    
     1.10        1.15      3.270  329.11  -18.15  [1]    
     1.10        1.15      3.269  329.20  -18.11  [1]    
     1.15                  3.253  149.02   17.88  [1]    
     1.15                  0.773   63.28  -13.22  [1]    
     1.15                  0.696  243.58   79.61  [1]    
     1.15                  0.805   97.26  -82.81  [1]    
     1.15                  2.373  233.98  -23.81  [1]    
     1.15                  0.942  168.26   10.56  [1]    
     1.15        1.16      3.562  334.13   -6.32  [1]    
     1.15        1.16      3.574  334.08   -6.36  [1]    
     1.15        1.16      3.572  334.03   -6.31  [1]    
     1.16                  3.580  154.40    6.43  [1]    
     1.16                  0.291   52.63  -10.96  [1]    
     1.16                  0.699   63.17  -62.51  [1]    
     1.16                  0.727  221.54    2.28  [1]    
     1.16                  1.825  250.10   55.64  [1]    
     1.16                  0.855  237.55   47.64  [1]    
     1.16                  0.861  195.09    5.98  [1]    
     1.16        1.17      2.408  208.01   -9.40  [1]    
     1.16        1.17      2.408  207.93   -9.51  [1]    
     1.16        1.17      2.407  207.99   -9.37  [1]    
     1.17                  2.405   28.72    9.44  [1]    
     1.17                  1.549   24.59  -70.16  [1]    
     1.17                  1.331  336.78   -9.34  [1]    
     1.17                  0.485   26.59  -33.63  [1]    
     1.17                  0.663   83.59   13.58  [1]    
     1.17                  1.671  193.75  -23.62  [1]    
     1.17        1.18      4.056  307.88  -19.29  [1]    
     1.17        1.18      4.046  308.05  -19.18  [1]    
     1.17        1.18      4.052  308.10  -19.29  [1]    
     1.18                  4.053  128.34   19.12  [1]    
     1.18                  1.543  155.56   12.30  [1]    
     1.18                  0.595  300.02    2.80  [1]    
     1.18                  0.280  261.46   65.07  [1]    
     1.18                  0.685  182.87  -85.38  [1]    
     1.18        1.19      2.049  211.43  -16.07  [1]    
     1.18        1.19      2.060  211.58  -16.05  [1]    
     1.18        1.19      2.059  211.42  -16.05  [1]    
     1.19                  2.045   31.72   16.13  [1]    
     1.19                  0.553  320.99   71.97  [1]    
     1.19                  1.545  308.22  -85.39  [1]    
     1.19                  0.461  306.67  -13.63  [1]    
     1.19        1.20      2.938  233.57  -35.79  [1]    
     1.19        1.20      2.936  233.46  -35.86  [1]    
     1.19        1.20      2.937  233.62  -35.86  [1]    
     1.20                  2.952   53.57   35.69  [1]    
     1.20                  0.984   64.26   12.43  [1]    
     1.20                  0.929   44.01   13.78  [1]    
     1.20                  1.555   84.07   80.29  [1]    
     1.20                  1.624  301.40  -84.42  [1]    
     1.20        1.21      2.038   14.45  -39.04  [1]    "1.21=25cm tall stumpy stalagmite on floor to left of top of Jacob's Ladder. Stn is centre of flat ring on top."
     1.20        1.21      2.045   14.42  -39.06  [1]    
     1.20        1.21      2.045   14.84  -39.16  [1]    
     1.21                  2.042  195.35   38.69  [1]    
     1.21                  1.800  235.96   12.16  [1]    
     1.21                  0.214  339.46  -76.92  [1]    
     1.21                  0.343   53.17    3.81  [1]    
     1.21                  3.170  230.10   64.31  [1]    
     1.5         2.0       0.000    0.00    0.00  [2]    
     2.0                   0.572  190.50    0.73  [2]    
     2.0                   0.670  258.82   80.80  [2]    
     2.0                   1.347    2.03    3.08  [2]    
     2.0                   0.561   96.94  -85.13  [2]    
     2.0                   4.052  271.96  -24.99  [2]    
     2.0                   4.250  271.79  -25.07  [2]    
     2.0         2.1       4.090  270.96  -25.31  [2]    
     2.0         2.1       4.086  270.59  -25.58  [2]    
     2.0         2.1       4.064  270.62  -25.60  [2]    
     2.1                   1.990   51.56   -3.25  [2]    
     2.1                   0.463  105.97   80.16  [2]    
     2.1                   1.511   94.64  -80.82  [2]    
     2.1                   4.222   97.98   -2.77  [2]    
     2.1                   3.396  122.23  -12.40  [2]    
     2.1                   3.128  150.51  -15.80  [2]    
     2.1                   6.657  142.47  -10.55  [2]    
     2.1         2.2       3.775  354.40  -29.78  [2]    "2.2=bottom tip of point of flowstone on RH wall looking into cave. Two tone calcite point."
     2.1         2.2       3.771  354.33  -29.83  [2]    
     2.1         2.2       3.771  354.31  -29.83  [2]    
     2.2                   0.658  241.86   -8.20  [2]    
     2.2                   1.935   85.48  -81.67  [2]    
     2.2                   0.592   61.84    0.46  [2]    
     2.2                   0.744  236.38   81.47  [2]    
     2.2                   1.674   66.88  -56.31  [2]    
     2.2                   1.305  149.63  -32.25  [2]    
     2.2         2.3       4.328  336.02  -24.74  [2]    
     2.2         2.3       4.330  336.22  -24.82  [2]    
     2.2         2.3       4.332  336.07  -24.81  [2]    
     2.3                   1.198  273.33   77.00  [2]    
     2.3                   0.457   54.65    1.29  [2]    
     2.3                   0.192  248.98    6.64  [2]    
     2.3                   0.489   67.19  -81.38  [2]    
     2.3                   0.439  244.00    2.33  [2]    
     2.3         2.4       2.780  337.69   -4.42  [2]    
     2.3         2.4       2.774  337.62   -4.41  [2]    
     2.3         2.4       2.768  337.80   -4.40  [2]    
     2.4                   1.444   45.43  -70.35  [2]    
     2.4                   0.500  246.88   -7.75  [2]    
     2.4                   2.234  271.73   60.68  [2]    
     2.4         2.5       3.146  343.59  -25.53  [2]    
     2.4         2.5       3.148  343.87  -25.49  [2]    
     2.4         2.5       3.127  343.67  -25.76  [2]    
     2.5                   0.307   68.00    4.55  [2]    
     2.5                   0.228  200.44  -82.34  [2]    
     2.5                   3.008  212.74   65.59  [2]    
     2.5                   1.834  228.77    1.96  [2]    
     2.5                   2.235  149.67   -4.84  [2]    
     2.5                   1.066  119.80  -19.64  [2]    
     2.5         2.6       1.870  332.44    6.53  [2]    
     2.5         2.6       1.874  332.46    6.48  [2]    
     2.5         2.6       1.874  332.40    6.49  [2]    
     2.6                   0.332   85.05    2.16  [2]    
     2.6                   0.813  234.74    4.03  [2]    
     2.6                   0.459   76.22  -85.16  [2]    
     2.6                   1.308  224.58   20.79  [2]    
     2.6                   2.646  233.44   69.74  [2]    
     2.6         2.7       2.259  343.12   -5.29  [2]    
     2.6         2.7       2.262  343.57   -5.33  [2]    
     2.6         2.7       2.257  343.27   -5.25  [2]    
     2.7                   0.506   89.65  -82.84  [2]    
     2.7                   0.443  225.38   -8.27  [2]    
     2.7                   1.813  226.26   51.07  [2]    
     2.7         2.8       1.721  258.62   12.30  [2]    "2.8=centre top of rounded stumpy stalagmite on wall at junction 0.82m off floor "
     2.7         2.8       1.720  258.48   12.28  [2]    
     2.7         2.8       1.723  258.76   12.27  [2]    
     2.8                   0.789  122.45   -3.92  [2]    
     2.8                   0.821  125.25  -80.01  [2]    
     2.8                   1.021  113.36   59.45  [2]    
     2.7         2.9       1.094  310.53    4.39  [2]    
     2.7         2.9       1.096  310.35    4.44  [2]    
     2.7         2.9       1.102  310.52    4.56  [2]    
     2.9                   0.570   99.03  -87.47  [2]    
     2.9                   0.897  250.68    3.72  [2]    
     2.9                   0.879  233.37   70.96  [2]    
     2.9                   0.599   60.03  -19.66  [2]    
     2.9         2.10      2.374  334.54    3.96  [2]    
     2.9         2.10      2.373  334.59    4.30  [2]    
     2.9         2.10      2.369  334.63    4.30  [2]    
     2.10                  0.261   51.75    0.96  [2]    
     2.10                  0.431   43.34  -88.13  [2]    
     2.10                  0.442  235.87    0.68  [2]    
     2.10                  2.304  241.44   71.10  [2]    
     2.10        2.11      1.118  263.62   46.99  [2]    
     2.10        2.11      1.119  264.01   47.05  [2]    
     2.10        2.11      1.109  263.68   46.69  [2]    
     2.11                  0.637   52.79    1.87  [2]    
     2.11                  1.454  190.34   76.03  [2]    
     2.11                  0.976    0.32  -83.36  [2]    
     2.11        2.12      3.509  351.77   -4.02  [2]    
     2.11        2.12      3.536  351.83   -3.85  [2]    
     2.11        2.12      3.546  351.61   -3.81  [2]    
     2.12                  0.834  261.49   10.43  [2]    
     2.12                  1.011  249.00   60.34  [2]    
     2.12        2.13      1.971  312.30   39.19  [2]    
     2.12        2.13      1.974  312.30   39.50  [2]    
     2.12        2.13      1.976  312.90   39.22  [2]    
     2.13                  0.909   98.78   -1.21  [2]    
     2.13                  0.461   59.54   83.75  [2]    
     2.13                  1.071   62.56  -71.75  [2]    
     2.13        2.14      2.386   28.26    3.33  [2]    
     2.13        2.14      2.387   28.00    3.35  [2]    
     2.13        2.14      2.388   28.11    3.30  [2]    
     2.14                  1.533  267.21  -13.19  [2]    
     2.14                  0.594  261.25  -82.95  [2]    
     2.14                  0.505  137.83   73.72  [2]    
     2.14        2.15      0.855  306.14  -13.09  [2]    "2.15=notch on stal column "
     2.14        2.15      0.856  305.93  -13.01  [2]    
     2.14        2.15      0.856  306.21  -12.96  [2]    
     2.15                  0.460   78.21    4.93  [2]    
     2.15                  0.646  248.76    6.64  [2]    
     2.15                  0.412  265.85  -88.54  [2]    
     2.15                  0.405  124.70   82.35  [2]    
     2.15                  0.471   23.47    0.91  [2]    
     2.15        2.16      4.552   48.48    7.42  [2]    
     2.15        2.16      4.554   48.44    7.26  [2]    
     2.15        2.16      4.552   48.21    7.44  [2]    
     2.16                  2.915  223.69   -3.46  [2]    
     2.16                  3.004  236.59    2.01  [2]    
     2.16                  1.645  276.31   -3.03  [2]    
     2.16                  0.898  237.99   72.78  [2]    
     2.16                  1.593  109.59  -71.63  [2]    
     2.16                  2.398  204.15   -9.08  [2]    
     2.16                  1.262  254.43    2.93  [2]    
     2.16        2.17      2.346  328.08   -9.89  [2]    
     2.16        2.17      2.336  327.98   -9.76  [2]    
     2.16        2.17      2.337  327.98   -9.84  [2]    
     2.17                  1.501  103.75   -2.42  [2]    
     2.17                  1.221  173.37   80.16  [2]    
     2.17        2.18      2.654   86.27   -7.15  [2]    
     2.17        2.18      2.645   86.20   -7.27  [2]    
     2.17        2.18      2.652   86.22   -7.29  [2]    
     2.18                  2.099  185.84    6.37  [2]    
     2.18                  0.404  223.80   82.63  [2]    
     2.18                  0.510   10.73   10.61  [2]    
     2.18                  0.518  174.98  -79.44  [2]    
     2.18        2.19      0.834  146.60   18.51  [2]    
     2.18        2.19      0.839  146.72   18.53  [2]    
     2.18        2.19      0.836  146.69   18.42  [2]    
     2.19                  1.391   43.52    3.89  [2]    
     2.19                  0.512  159.85   17.51  [2]    
     2.19                  0.401   97.95   87.19  [2]    
     2.19        2.20      1.814   87.89   13.18  [2]    
     2.19        2.20      1.815   87.98   13.20  [2]    
     2.19        2.20      1.813   87.92   13.31  [2]    
     2.20                  0.601   43.10    4.22  [2]    
     2.20                  1.637  208.49   63.28  [2]    
     2.20                  0.874  209.39   -0.95  [2]    
     2.20        2.21      1.735  164.70    7.41  [2]    
     2.20        2.21      1.730  164.61    7.15  [2]    
     2.20        2.21      1.734  164.04    7.43  [2]    
     2.21                  0.679   33.20    4.40  [2]    
     2.21                  1.195  234.09   82.95  [2]    
     2.21                  0.247   41.06  -84.36  [2]    
     2.21        2.22      2.912  113.97    7.48  [2]    
     2.21        2.22      2.913  114.01    7.59  [2]    
     2.21        2.22      2.910  113.88    7.60  [2]    
     2.22                  1.328  255.18   77.95  [2]    
     2.22                  0.880  220.17    0.04  [2]    
     2.22                  0.402  136.32  -85.39  [2]    
     2.22                  2.393  358.28    2.05  [2]    
     2.22                  4.282  320.27   -8.84  [2]    
     2.22        2.23      1.512  181.38   30.21  [2]    
     2.22        2.23      1.515  181.12   30.12  [2]    
     2.22        2.23      1.510  181.13   30.08  [2]    
     2.23                  0.198  214.51   -9.54  [2]    
     2.23                  1.263   55.54  -74.20  [2]    
     2.23                  0.385   35.19    9.16  [2]    
     2.23                  0.399  243.28   88.13  [2]    
     2.23                  1.791   34.58  -40.94  [2]    
     2.23        2.24      4.589  107.94   -7.98  [2]    
     2.23        2.24      4.585  108.26   -8.22  [2]    
     2.23        2.24      4.582  108.34   -8.34  [2]    
     2.24                  2.122   27.47   19.01  [2]    
     2.24                  1.443  265.31   83.06  [2]    
     2.24                  2.737  209.33   20.17  [2]    
     2.24                  3.060  204.37   31.06  [2]    
     2.24                  2.697  172.96   38.49  [2]    
     2.24                  2.756  119.14   44.68  [2]    
     2.24                  4.287  105.49   35.63  [2]    
     2.24                  3.312   94.03   37.41  [2]    
     2.24                  3.410  321.99    7.71  [2]    
     2.24        2.25      3.214  188.77   35.46  [2]    "2.25=tip of obvious pointed boulder in middle of lower section"
     2.24        2.25      3.218  188.82   35.46  [2]    
     2.24        2.25      3.215  188.66   35.43  [2]    
     2.25                  1.169  228.03    4.30  [2]    
     2.25                  2.445  342.35   79.94  [2]    
     2.25                  0.870  172.80   80.92  [2]    
     2.25                  0.370   33.36    9.50  [2]    
     2.25                  4.182   97.27   36.04  [2]    
     2.25        2.26      4.133  139.60   16.75  [2]    
     2.25        2.26      4.136  139.54   16.67  [2]    
     2.25        2.26      4.132  139.67   16.66  [2]    
     2.26                  0.475  231.41   -0.43  [2]    
     2.26                  0.562  131.73   89.68  [2]    
     2.26                  1.149   13.53   28.43  [2]    
     2.26                  0.526  146.88  -77.01  [2]    
     2.26                  3.061  118.05   16.64  [2]    
     2.25                  0.000    0.00    0.00  [2]    
     2.25        2.27      4.954   97.23   39.20  [2]    
     2.25        2.27      4.940   97.49   38.95  [2]    
     2.25        2.27      4.940   97.26   39.00  [2]    
     2.27                  0.529   73.50   39.91  [2]    
     2.27                  2.860  145.99   24.42  [2]    
     2.27                  2.080  181.17   14.96  [2]    
     2.27                  3.637  159.34   16.76  [2]    
     2.25                  0.000    0.00    0.00  [2]    
     2.24        2.28      2.777  323.52  -24.93  [2]    "2.28=shiny black square block protuding from calcite on left side of hole when looking down hole"
     2.24        2.28      2.775  323.75  -24.96  [2]    
     2.24        2.28      2.774  323.52  -24.93  [2]    
     2.28                  2.013  240.61   79.48  [2]    
     2.28                  1.169  150.81  -80.16  [2]    
     2.28                  0.419  153.56  -10.07  [2]    
     2.28        2.29      0.881   89.61  -48.32  [2]    
     2.28        2.29      0.899   89.95  -49.19  [2]    
     2.28        2.29      0.899   90.44  -49.26  [2]    
     2.29                  0.657  345.81   68.52  [2]    
     2.29                  0.735  153.15    1.62  [2]    
     2.29                  0.647  303.35    1.69  [2]    
     2.29                  1.173   85.81  -77.61  [2]    
     2.29                  1.259   23.75  -19.21  [2]    
     2.29        2.30      6.290  324.15  -29.86  [2]    
     2.29        2.30      6.287  324.60  -29.83  [2]    
     2.29        2.30      6.272  325.06  -29.80  [2]    
     2.30                  1.953  224.71   72.46  [2]    
     2.30                  1.490  213.57    5.25  [2]    
     2.30                  0.321   52.79    6.31  [2]    
     2.30                  0.429  224.41  -83.42  [2]    
     2.30        2.31      1.548  264.29   41.62  [2]    "2.31=tip of stalagmite which is 10cm below tip of stalactite above it"
     2.30        2.31      1.545  264.20   41.68  [2]    
     2.30        2.31      1.548  264.20   41.95  [2]    
     2.31                  1.182   36.18    2.86  [2]    
     2.31                  1.413    7.15    4.71  [2]    
     2.31                  0.977   76.71   80.67  [2]    
     2.31                  0.431  206.64    4.65  [2]    
     2.31                  1.499  164.76  -87.26  [2]    
     2.31        2.32      2.284   15.70   12.63  [2]    
     2.31        2.32      2.269   15.91   12.57  [2]    
     2.31        2.32      2.241   15.87   12.51  [2]    
     2.32                  0.877  258.32  -39.46  [2]    
     2.32                  0.407  254.53   -1.76  [2]    
     2.32                  0.625  258.09   37.38  [2]    
     2.32                  0.758    1.51  -83.57  [2]    
     2.32        2.33      6.029  323.41  -41.65  [2]    
     2.32        2.33      6.029  323.46  -41.61  [2]    
     2.32        2.33      6.031  323.48  -41.58  [2]    
     2.31        2.34      5.136  314.18  -30.39  [2]    
     2.31        2.34      5.131  314.25  -30.55  [2]    
     2.31        2.34      5.129  314.24  -30.44  [2]    
     2.34                  1.809  117.94    6.32  [2]    
     2.34                  1.673  169.45   73.19  [2]    
     2.34                  0.776  104.73  -65.15  [2]    
     2.34        2.35      2.758   19.88  -19.89  [2]    "2.33=2.35 tip of little stumpy stalagmite on floor directly opposite junction "
     2.34        2.35      2.763   19.71  -19.62  [2]    
     2.34        2.35      2.761   19.78  -19.70  [2]    
     2.35                  3.596  249.79   75.43  [2]    
     2.35                  0.583    4.89   17.88  [2]    
     2.35                  1.232  222.29    3.93  [2]    
     2.35        2.36      4.447   91.01   26.19  [2]    
     2.35        2.36      4.438   91.07   26.35  [2]    
     2.35        2.36      4.454   90.93   26.15  [2]    
     2.36                  2.366  172.41    2.46  [2]    
     2.36                  2.478  280.23   82.99  [2]    
     2.36                  1.168    0.68    7.77  [2]    
     2.36                  0.384  351.51  -81.72  [2]    
     2.36                  4.812   16.95   43.97  [2]    
     2.36        2.37      6.619  112.90   18.67  [2]    
     2.36        2.37      6.621  112.73   18.83  [2]    
     2.36        2.37      6.593  112.74   18.56  [2]    
     2.37                  2.768  143.57   88.42  [2]    
     2.37                  1.235   47.17    8.65  [2]    
     2.37                  2.198  237.64    2.14  [2]    
     2.37                  0.519   23.20  -72.57  [2]    
     2.37        2.38      3.916  158.51   22.51  [2]    
     2.37        2.38      3.917  158.63   22.54  [2]    
     2.37        2.38      3.920  158.43   22.16  [2]    
     2.38                  2.574  265.36   79.77  [2]    
     2.38                  1.766  258.21   76.02  [2]    
     2.38                  0.833  188.45  -87.34  [2]    
     2.38                  1.090  247.04    2.21  [2]    
     2.38                  1.132   47.31   -9.21  [2]    
     2.38        2.39      5.046  158.51   15.47  [2]    "2.39=tip of little stumpy stalagmite on edge of boulder. 15cm high stal. 60cm tall boulder face."
     2.38        2.39      5.053  158.65   15.58  [2]    
     2.38        2.39      5.087  158.46   15.61  [2]    
     2.39                  0.811   95.41   80.83  [2]    
     2.39                  0.356  243.34   -2.19  [2]    
     2.39                  1.357   68.36    1.57  [2]    
     2.39                  0.312  143.52  -87.32  [2]    
     2.39                  2.223   37.38   14.64  [2]    
     2.39                  1.238  124.14   29.01  [2]    
     2.39                  1.518  169.90   20.43  [2]    
     2.39                  3.173  184.03    6.76  [2]    
     2.39        2.40      3.311  137.53   35.80  [2]    
     2.39        2.40      3.301  137.11   35.74  [2]    
     2.39        2.40      3.300  137.22   35.70  [2]    
     2.40                  0.406  330.85   80.32  [2]    
     2.40                  0.723   24.63   16.27  [2]    
     2.40                  0.432  242.41   10.73  [2]    
     2.40        2.41      1.539  157.08   20.97  [2]    
     2.40        2.41      1.538  156.91   21.00  [2]    
     2.40        2.41      1.538  156.78   21.12  [2]    
     2.41                  1.174  313.23   86.69  [2]    
     2.41                  0.764  273.70   17.56  [2]    
     2.41                  1.148   52.78    9.22  [2]    
     2.41        2.42      1.225  188.22   54.07  [2]    
     2.41        2.42      1.231  188.50   54.20  [2]    
     2.41        2.42      1.227  188.54   54.12  [2]    
     2.42                  0.307   20.21   65.90  [2]    
     2.42                  0.563   64.53    1.80  [2]    
     2.42                  0.252  246.58   30.01  [2]    
     2.42                  1.213  119.22   24.03  [2]    
     2.35        2.43      7.811  271.84  -10.82  [2]    
     2.35        2.43      7.824  271.91  -10.71  [2]    
     2.35        2.43      7.832  271.84  -10.63  [2]    
     2.43                  2.956  340.05   72.39  [2]    
     2.43                  0.624   18.69    7.95  [2]    
     2.43                  0.655  202.11   10.96  [2]    
     2.43                  1.715  172.80  -79.05  [2]    
     2.43        2.44      1.581  132.96  -54.76  [2]    "2.44=breast like stalagmite on floor against left wall. Right on the white nipple spot washed clean by drips."
     2.43        2.44      1.584  132.61  -54.81  [2]    
     2.43        2.44      1.584  132.69  -54.71  [2]    
     2.43        2.45      4.203  283.41   -3.69  [2]    
     2.43        2.45      4.233  283.53   -3.81  [2]    
     2.43        2.45      4.225  282.55   -3.96  [2]    
     2.45                  0.260    5.45    2.81  [2]    
     2.45                  0.923  147.26  -80.05  [2]    
     2.45                  2.168  187.63   77.31  [2]    
     2.45                  1.423  144.48   74.70  [2]    
     2.45                  1.030  171.63    2.41  [2]    
     2.44        2.46      0.000    0.00    0.00  [2]    
     2.46                  1.167  359.83   20.74  [2]    
     2.46                  1.035  279.77   44.73  [2]    
     2.46        2.47      4.103  278.00  -22.97  [2]    "2.47=little stumpy stalagmite on RH wall"
     2.46        2.47      4.071  278.42  -22.84  [2]    
     2.46        2.47      4.073  277.99  -22.86  [2]    
     2.47                  1.167  175.15   69.16  [2]    
     2.47                  0.665  146.16  -60.94  [2]    
     2.47                  0.957  181.60    1.29  [2]    
     2.47        2.48      1.624  127.69    7.47  [2]    
     2.47        2.48      1.621  127.53    7.43  [2]    
     2.47        2.48      1.623  127.55    7.33  [2]    
     2.48                  0.316  222.85  -13.13  [2]    
     2.48                  0.428  203.78   77.03  [2]    
     2.48                  0.706  106.46  -84.42  [2]    
     2.48                  6.383  143.21    1.27  [2]    
     2.48                  9.204  143.56    0.28  [2]    
     2.45        2.49      2.395  264.92    1.49  [2]    "2.49=nipple on tip of big stalagmite boss"
     2.45        2.49      2.394  265.25    1.44  [2]    
     2.45        2.49      2.396  264.83    1.30  [2]    
     2.49                  2.282  354.04   78.68  [2]    
     2.49                  0.517  198.25   -1.65  [2]    
     2.49                  0.892   19.99    9.05  [2]    
     2.49                  0.714  358.32  -81.38  [2]    
     2.49                  3.781  142.08  -59.73  [2]    
     2.49        2.50      2.056  297.77   28.10  [2]    
     2.49        2.50      2.057  297.60   27.93  [2]    
     2.49        2.50      2.057  297.50   28.21  [2]    
     2.50                  0.690   36.66   83.53  [2]    
     2.50                  0.465  191.30    6.20  [2]    
     2.50                  0.758  186.66  -84.09  [2]    
     2.50        2.51      2.382  317.59   16.61  [2]    "2.51=tip of larger stalagmite reaching close to ceiling "
     2.50        2.51      2.385  317.80   16.81  [2]    
     2.50        2.51      2.382  316.33   16.81  [2]    
     2.51                  0.351   91.28   79.27  [2]    
     2.51                  0.667   44.19    5.41  [2]    
     2.51                  1.903  251.77  -12.45  [2]    
     2.51                  4.011   13.33  -82.25  [2]    
     2.51        2.52      2.801  335.09   -5.34  [2]    
     2.51        2.52      2.806  335.14   -5.45  [2]    
     2.51        2.52      2.807  334.80   -5.28  [2]    
     2.52                  2.096  212.50   -9.20  [2]    
     2.52                  0.663  156.09   88.10  [2]    
     2.52                  1.105  206.43  -87.82  [2]    
     2.52                  0.703  140.09   -4.62  [2]    
     2.52        2.53      8.000   77.50   15.80  [2]    
     2.52        2.53      8.008   77.67   15.77  [2]    
     2.52        2.53      8.002   77.57   15.87  [2]    
     2.52                  0.000    0.00    0.00  [2]    
     2.52        2.54      2.990  251.61  -11.17  [2]    
     2.52        2.54      2.991  251.89  -11.12  [2]    
     2.52        2.54      2.993  251.88  -11.13  [2]    
     2.54                  1.498    7.07   14.17  [2]    
     2.54                  4.941  156.76  -77.22  [2]    
     2.54                  1.382  326.54   73.27  [2]    
     2.54        2.55      2.751  287.67  -14.35  [2]    
     2.54        2.55      2.752  287.64  -14.24  [2]    
     2.54        2.55      2.751  287.75  -14.33  [2]    
     2.55                  0.478  212.28    8.16  [2]    
     2.55                  1.785    2.22    0.72  [2]    
     2.55                  1.246  356.97   51.33  [2]    
     2.55                  4.845    0.83  -70.83  [2]    
     2.55                  2.297  347.76   56.75  [2]    
     2.55        2.56      6.045  280.34  -11.17  [2]    
     2.55        2.56      6.043  280.30  -11.13  [2]    
     2.55        2.56      6.041  280.23  -11.19  [2]    
     2.56                  2.576  173.80   -9.68  [2]    
     2.56                  0.910  210.62   72.78  [2]    
     2.56                  5.523  258.49  -78.70  [2]    
     2.56                  1.222  355.76   -2.47  [2]    
     2.56        2.57      4.724  167.82  -69.77  [2]    "2.57=top of rounded calcite blob stuck out from wall "
     2.56        2.57      4.713  167.94  -69.93  [2]    
     2.56        2.57      4.721  167.61  -69.72  [2]    
     2.57                  5.529   35.74   84.02  [2]    
     2.57                  1.485  358.49    5.81  [2]    
     2.57                  0.709  175.94   -0.18  [2]    
     2.57                  0.755   90.98  -86.28  [2]    
     2.57        2.58      6.248  266.14    4.00  [2]    
     2.57        2.58      6.245  266.34    3.98  [2]    
     2.57        2.58      6.292  266.33    3.95  [2]    
     2.58                  0.913  320.07    6.44  [2]    
     2.58                  2.540  289.66   73.92  [2]    
     2.58                  2.051  155.98    1.05  [2]    
     2.58                  0.770  137.62  -73.53  [2]    
     2.58                  4.367   86.04  -33.48  [2]    
     2.58        2.59      5.352  221.37  -28.55  [2]    "2.59=little dimple in middle of large stalagmite boss directly in front of you when entering from Short Dry Way"
     2.58        2.59      5.339  221.20  -28.37  [2]    
     2.58        2.59      5.344  221.45  -28.37  [2]    
     2.59                  5.411  309.94    9.33  [2]    
     2.59                  1.856  144.63    3.09  [2]    
     2.59                  3.037  302.62   79.62  [2]    
     2.59                  0.684  132.99  -79.35  [2]    
     2.59                  4.713  353.28  -42.52  [2]    
     2.59                  2.886   67.97   28.72  [2]    
     2.59                  2.487   85.86   13.93  [2]    
     2.59                  2.953  112.78   22.54  [2]    
     2.59                  1.834  207.67    8.62  [2]    
     2.59                  5.282  237.30   -3.61  [2]    
     2.59                  5.322  272.91   -3.40  [2]    
     2.59                  3.216    8.05   23.97  [2]    
     3.13        4.0       0.000    0.00    0.00  [3]    
     4.0                   0.574   34.03   -0.51  [3]    
     4.0                   0.758  110.14  -85.72  [3]    
     4.0                   2.736  327.08   86.41  [3]    
     4.0         4.1       3.202  316.65    0.99  [3]    
     4.0         4.1       3.202  316.70    0.98  [3]    
     4.0         4.1       3.202  316.64    0.98  [3]    
     4.1                   3.220  136.76   -1.39  [3]    
     4.1                   0.574   38.38    3.06  [3]    
     4.1                   1.466  103.34  -84.18  [3]    
     4.1                   2.405  260.62   87.93  [3]    
     4.1         4.2       7.106  308.82  -15.08  [3]    
     4.1         4.2       7.106  308.83  -15.07  [3]    
     4.1         4.2       7.102  308.88  -15.08  [3]    
     4.2                   7.095  128.55   14.54  [3]    
     4.2                   0.661  194.88    1.13  [3]    
     4.2                   2.891  349.78   82.91  [3]    
     4.2                   0.878  179.54  -65.42  [3]    
     4.2         4.3       4.238  278.88  -12.49  [3]    
     4.2         4.3       4.240  279.00  -12.55  [3]    
     4.2         4.3       4.241  278.86  -12.55  [3]    
     4.3                   4.211   98.44   12.28  [3]    
     4.3                   3.158   81.24   88.43  [3]    
     4.3                   0.768  354.83  -84.93  [3]    
     2.39        5.0       0.000    0.00    0.00  [3]    
     5.0         5.1       1.560   49.27    7.27  [3]    
     5.0         5.1       1.559   49.37    7.25  [3]    
     5.0         5.1       1.559   49.43    7.29  [3]    
     5.1                   0.503  331.16    9.17  [3]    
     5.1                   0.396  271.22   77.61  [3]    
     5.1                   0.731  254.64  -87.94  [3]    
     5.1                   0.611  352.02   40.11  [3]    
     5.1                   0.558   43.52   51.47  [3]    
     5.1         5.2       1.744   10.24   51.29  [3]    
     5.1         5.2       1.744   10.56   51.26  [3]    
     5.1         5.2       1.751   10.78   51.05  [3]    
     5.2                   1.760  189.76  -51.66  [3]    
     5.2                   0.288  258.50    0.35  [3]    
     5.2                   0.883  338.65  -79.23  [3]    
     5.2                   0.699  150.96   76.26  [3]    
     5.2         5.3       4.072  347.67   12.12  [3]    
     5.2         5.3       4.072  347.33   12.07  [3]    
     5.2         5.3       4.071  347.55   12.18  [3]    
     5.3                   4.107  169.15  -12.51  [3]    
     5.3                   4.103  169.13  -12.74  [3]    
     5.3                   1.829  347.89   14.57  [3]    
     5.3                   0.959  250.24   -6.20  [3]    
     5.3                   0.409   84.04   87.54  [3]    
     5.3                   0.439  216.05  -86.92  [3]    
     5.3                   0.824  148.72  -10.96  [3]    
     5.3                   1.225  190.30  -16.89  [3]    
     5.3         5.4       3.618   50.51   25.20  [3]    
     5.3         5.4       3.618   50.56   25.26  [3]    
     5.3         5.4       3.615   50.72   25.21  [3]    
     5.4                   3.626  230.43  -25.57  [3]    
     5.4                   0.431  348.10    4.44  [3]    
     5.4                   1.632  170.52   -5.86  [3]    
     5.4                   0.894   61.11  -81.94  [3]    
     5.4                   2.111  344.82   -7.61  [3]    
     5.4         5.5       3.252   67.78   12.51  [3]    
     5.4         5.5       3.250   67.58   12.67  [3]    
     5.4         5.5       3.249   67.65   12.69  [3]    
     5.5                   3.279  247.14  -13.26  [3]    
     5.5                   0.248  323.66   84.61  [3]    
     5.5                   0.952  170.46    5.78  [3]    
     5.5                   2.133  330.90   -6.07  [3]    
     5.5                   0.766  222.68  -84.36  [3]    
     5.5         5.6       3.451   56.66   19.51  [3]    
     5.5         5.6       3.449   56.59   19.47  [3]    
     5.5         5.6       3.452   56.46   19.59  [3]    
     5.6                   3.493  237.94  -19.53  [3]    
     5.6                   1.417  154.07  -15.19  [3]    
     5.6                   0.561   71.63  -87.16  [3]    
     5.6                   0.616  341.85   -3.41  [3]    
     5.6                   2.148  233.89  -20.79  [3]    
     5.6                   4.024  168.54    2.89  [3]    
     5.6                   2.435  124.70   10.45  [3]    
     5.6                   1.870  106.22   14.43  [3]    
     5.6                   2.752  182.55    1.05  [3]    
     5.6         5.7       1.421  151.84  -12.13  [3]    
     5.6         5.7       1.420  151.86  -12.10  [3]    
     5.6         5.7       1.418  152.16  -12.16  [3]    
     5.7                   1.418  329.66   11.34  [3]    
     5.7                   1.549   42.07   39.53  [3]    
     5.7                   2.995  180.55    4.65  [3]    
     5.7                   0.890  354.61   85.36  [3]    
     5.7                   0.445   28.33  -87.65  [3]    
     5.7         5.8       6.309   84.92   26.43  [3]    
     5.7         5.8       6.291   84.97   26.37  [3]    
     5.7         5.8       6.295   84.85   26.49  [3]    
     5.8                   0.810  355.74    6.08  [3]    
     5.8                   0.321  173.04    9.98  [3]    
     5.8                   0.188  349.50   82.00  [3]    
     5.8                   0.361  157.86  -75.31  [3]    
     2.62        6.4       0.000    0.00    0.00  [3]    
     2.59        2.60      3.628  249.86  -18.34  [3]    
     2.59        2.60      3.639  249.94  -18.21  [3]    
     2.59        2.60      3.640  249.80  -18.26  [3]    
     2.60                  2.913   98.61   33.34  [3]    
     2.60                  4.036  127.08   30.32  [3]    
     2.60                  3.546  153.59   27.64  [3]    
     2.60                  5.460  181.97   11.17  [3]    
     2.60                  2.535   10.68  -16.02  [3]    
     2.60                  3.085   23.70  -10.67  [3]    
     2.60                  4.510  196.88  -31.47  [3]    
     2.60        2.61      6.145  188.08  -36.36  [3]    
     2.60        2.61      6.143  188.05  -36.36  [3]    
     2.60        2.61      6.139  187.86  -36.34  [3]    
     2.61                  0.929  109.00   -3.73  [3]    
     2.61                  4.462  154.64   72.91  [3]    
     2.61                  3.267  191.41  -82.47  [3]    
     2.61        2.62      1.052   31.74  -42.63  [3]    
     2.61        2.62      1.028   31.83  -42.99  [3]    
     2.61        2.62      1.039   31.36  -42.58  [3]    
     2.59        6.0       0.000    0.00    0.00  [3]    
     6.0         6.1       3.316   25.02  -14.29  [3]    
     6.0         6.1       3.317   25.09  -14.34  [3]    
     6.0         6.1       3.317   24.99  -14.36  [3]    
     6.1                   3.262  206.41   14.30  [3]    
     6.1                   0.983  315.03   -8.83  [3]    
     6.1                   0.765  174.77   -0.38  [3]    
     6.1                   2.488  219.51  -12.94  [3]    
     6.1                   1.898  280.22  -27.03  [3]    
     6.1         6.2       5.698  255.32  -30.24  [3]    
     6.1         6.2       5.697  255.26  -30.18  [3]    
     6.1         6.2       5.698  255.22  -30.17  [3]    
     6.2                   5.714   74.10   29.84  [3]    
     6.2                   1.058  162.52   -1.36  [3]    
     6.2                   1.215  220.20   80.94  [3]    
     6.2                   0.391  332.89    1.22  [3]    
     6.2                   1.140  198.72  -82.80  [3]    
     6.2         6.3       3.090  201.45  -10.29  [3]    
     6.2         6.3       3.091  201.62  -10.24  [3]    
     6.2         6.3       3.090  201.51  -10.24  [3]    
     6.3                   3.100   20.12   10.18  [3]    
     6.3                   1.299  263.57   -6.52  [3]    
     6.3                   0.928  284.07  -86.47  [3]    
     6.3                   0.933   75.35   -2.53  [3]    
     6.3                   0.322  234.48   85.69  [3]    
     6.3         6.4       4.554  164.76  -15.87  [3]    "6.4=small rounded boss stalagmite on calcite bridge in centre of passage. Top of boss has contour like line pattern."
     6.3         6.4       4.555  164.68  -15.96  [3]    
     6.4                   4.521  344.84   15.77  [3]    
     6.4                   0.614  258.46   -2.19  [3]    
     6.4                   0.632   86.33   -2.22  [3]    
     6.4                   5.527  284.88   86.05  [3]    
     6.4                   2.469  181.69  -82.25  [3]    
     6.4         6.5       2.384  199.40  -26.80  [3]    
     6.4         6.5       2.385  199.22  -26.77  [3]    
     6.4         6.5       2.385  199.25  -26.80  [3]    
     6.5                   2.368   18.11   26.15  [3]    
     6.5                   0.816  318.06    0.68  [3]    
     6.5                   0.726  143.34    2.75  [3]    
     6.5                   5.249  191.96   83.34  [3]    
     6.5                   1.529  247.03  -88.07  [3]    
     6.5         6.6       6.284  239.45   -9.77  [3]    
     6.5         6.6       6.289  239.62   -9.77  [3]    
     6.5         6.6       6.283  239.62   -9.82  [3]    
     6.6                   6.262   58.58    9.67  [3]    
     6.6                   1.257  349.18   -5.78  [3]    
     6.6                   1.452   42.58  -84.89  [3]    
     6.6                   0.230  174.05    2.52  [3]    
     6.6                   4.364  340.22   65.14  [3]    
     6.6         6.7       7.655  284.25   -7.07  [3]    
     6.6         6.7       7.653  284.11   -7.15  [3]    
     6.6         6.7       7.676  284.12   -7.19  [3]    
     6.7                   7.646  104.12    6.94  [3]    
     6.7                   1.112  184.42   -3.02  [3]    
     6.7                   1.225  315.42  -87.56  [3]    
     6.7                   5.903  284.36   87.68  [3]    
     6.7         6.8       2.572  224.08   -8.53  [3]    
     6.7         6.8       2.582  224.28   -8.55  [3]    
     6.7         6.8       2.581  224.25   -8.53  [3]    
     6.8                   2.580   43.16    8.82  [3]    
     6.8                   1.489  307.59   -0.90  [3]    
     6.8                   5.155  259.48   81.94  [3]    
     6.8                   1.061  108.65  -87.34  [3]    
     6.8         6.9       6.801  205.88   -6.58  [3]    
     6.8         6.9       6.794  205.88   -6.48  [3]    
     6.8         6.9       6.799  205.91   -6.48  [3]    
     6.9                   6.774   24.81    6.09  [3]    
     6.9                   1.402   71.99   -5.17  [3]    
     6.9                   3.439   82.58   71.46  [3]    
     6.9                   1.270   18.89  -83.92  [3]    
     6.9         6.10      2.090  108.50   -5.28  [3]    
     6.9         6.10      2.092  108.50   -5.30  [3]    
     6.9         6.10      2.091  108.67   -5.36  [3]    
     6.10                  2.120  289.79    4.09  [3]    
     6.10                  1.180  243.19   -9.20  [3]    
     6.10                  1.149  300.27  -85.48  [3]    
     6.10                  5.456  281.63   67.93  [3]    
     6.10        6.11      7.852  204.79    6.94  [3]    "6.11=RH of 3 points on top of boulder as seen when entering from Old Grotto. Point chipped by bashing so has white impact marks."
     6.10        6.11      7.844  204.81    6.96  [3]    
     6.10        6.11      7.840  204.91    6.99  [3]    
     6.11                  7.854   23.37   -7.47  [3]    
     6.11                  4.038   20.69  -17.03  [3]    
     6.11                  4.085   31.33  -11.00  [3]    
     6.11                  3.577  122.93    1.76  [3]    
     6.11                  5.018  146.17    5.40  [3]    
     6.11                  3.817  258.28  -10.90  [3]    
     6.11                  3.954  291.06   -0.53  [3]    
     6.11                  5.881  341.35   -3.35  [3]    
     6.11                  6.540  332.39   -2.75  [3]    
     6.11                  3.223  124.37   87.58  [3]    
     6.11                  1.022   81.55  -78.82  [3]    
