TRIP
DATE 2017-03-25 
DECLINATION     0.00
DATA
2.47	19.0	0.00	0.00	0.000	>
19.0		177.19	-3.40	0.961	>
19.0		178.01	68.51	1.180	>
19.0		160.84	-46.57	0.833	>
19.0	19.1	249.65	-11.77	2.103	>
19.1		191.03	19.71	0.216	>
19.1		11.89	4.30	0.935	>
19.1		7.19	-40.92	0.539	>
19.1		31.23	63.16	1.559	>
19.1	19.2	310.60	-2.14	4.223	>
19.2		214.89	7.29	0.906	>
19.2		196.77	69.74	0.691	>
19.2		192.07	-58.62	0.340	>
19.2	19.3	305.66	-5.99	4.781	>
19.3		204.40	7.83	1.197	>
19.3		185.04	-49.80	0.406	>
19.3		312.13	76.88	5.285	>
19.3		103.32	82.03	1.252	>
19.3	19.4	274.54	25.80	2.836	>
19.4		35.94	-3.32	1.174	>
19.4		6.79	77.99	3.537	>
19.4		46.21	-62.56	1.957	>
19.4	19.5	348.43	-9.47	2.715	>
19.5		210.69	2.79	1.028	>
19.5		256.00	76.67	4.931	>
19.5		238.50	-88.60	1.489	>
19.5	19.6	242.17	-4.86	3.674	>
19.6		345.41	7.24	0.936	>
19.6		347.62	84.38	4.380	>
19.6		51.36	-75.07	1.610	>
19.6	19.7	262.64	-32.33	4.035	>
19.7		175.09	19.26	0.779	>
19.7		4.24	13.01	1.665	>
19.7		318.00	81.22	5.314	>
19.7		39.54	-84.85	0.910	>
19.7	2.57	0.00	0.00	0.000	>
19.7		73.37	-14.48	2.848	>

PLAN
STATIONS
-40.470	49.175	2.57
-21.773	43.693	19.0
-23.703	42.977	19.1
-26.907	45.723	19.2
-30.770	48.495	19.3
-33.315	48.697	19.4
-33.852	51.321	19.5
-37.089	49.612	19.6
-40.470	49.175	19.7
SHOTS
-40.470	49.175	-40.470	49.175
-37.089	49.612	-40.470	49.175
-40.470	49.175	-40.407	48.442
-40.470	49.175	-40.350	50.793
-40.470	49.175	-41.013	49.778
-40.470	49.175	-40.418	49.238
-40.470	49.175	-37.828	49.964
-33.852	51.321	-37.089	49.612
-37.089	49.612	-37.323	50.511
-37.089	49.612	-37.181	50.031
-37.089	49.612	-36.765	49.871
-33.315	48.697	-33.852	51.321
-33.852	51.321	-34.376	50.438
-33.852	51.321	-34.955	51.046
-33.852	51.321	-33.883	51.302
-30.770	48.495	-33.315	48.697
-33.315	48.697	-32.627	49.646
-33.315	48.697	-33.228	49.428
-33.315	48.697	-32.664	49.321
-26.907	45.723	-30.770	48.495
-30.770	48.495	-31.260	47.415
-30.770	48.495	-30.793	48.234
-30.770	48.495	-31.660	49.300
-30.770	48.495	-30.601	48.455
-23.703	42.977	-26.907	45.723
-26.907	45.723	-27.421	44.986
-26.907	45.723	-26.976	45.494
-26.907	45.723	-26.944	45.550
-21.773	43.693	-23.703	42.977
-23.703	42.977	-23.742	42.777
-23.703	42.977	-23.511	43.889
-23.703	42.977	-23.652	43.381
-23.703	42.977	-23.338	43.579
-21.773	43.693	-21.773	43.693
-21.773	43.693	-21.726	42.735
-21.773	43.693	-21.758	43.261
-21.773	43.693	-21.585	43.152
POLYLINE BLUE
-32.437	48.693
-32.517	48.763
-32.547	48.813
-32.547	48.833
-32.577	48.903
-32.667	48.943
-32.707	48.923
-32.757	48.923
-32.847	48.883
-32.937	48.863
-32.947	48.883
-32.917	48.993
-32.967	49.003
-33.117	49.023
-33.217	49.203
-33.247	49.243
-33.267	49.133
-33.267	48.973
-33.267	48.973
-33.267	49.113
-33.277	49.133
-33.277	49.203
-33.267	49.253
-33.267	49.273
-32.977	49.203
POLYLINE BLACK
-31.527	48.263
-31.567	48.313
-31.567	48.373
-31.557	48.393
-31.517	48.393
-31.457	48.363
-31.447	48.323
-31.507	48.273
-31.527	48.263
POLYLINE BLACK
-32.547	48.323
-32.597	48.353
-32.627	48.413
-32.617	48.453
-32.557	48.493
-32.507	48.463
-32.487	48.403
-32.487	48.373
-32.547	48.343
POLYLINE BLACK
-33.087	49.363
-33.087	49.343
-33.117	49.423
-33.107	49.463
-33.037	49.513
-32.997	49.503
-32.977	49.463
-32.977	49.413
-33.037	49.373
-33.057	49.383
POLYLINE BLACK
-33.737	49.933
-33.757	49.973
-33.677	50.073
-33.647	50.063
-33.607	50.003
-33.607	49.973
-33.627	49.933
-33.667	49.923
-33.707	49.923
POLYLINE BLACK
-34.637	50.883
-34.657	50.903
-34.657	50.953
-34.617	50.993
-34.577	50.993
-34.527	50.943
-34.527	50.923
-34.577	50.863
-34.607	50.833
POLYLINE BLACK
-35.267	50.863
-35.287	50.863
-35.297	50.933
-35.267	50.963
-35.227	50.973
-35.207	50.973
-35.167	50.913
-35.177	50.873
-35.237	50.833
POLYLINE BLACK
-35.797	50.183
-35.827	50.223
-35.827	50.253
-35.817	50.293
-35.737	50.353
-35.677	50.283
-35.707	50.213
-35.787	50.183
POLYLINE BLACK
-36.527	50.123
-36.557	50.093
-36.597	50.093
POLYLINE BLACK
-36.577	50.093
-36.597	50.093
-36.607	50.133
-36.597	50.173
-36.587	50.193
-36.547	50.193
-36.527	50.203
-36.477	50.143
-36.507	50.113
POLYLINE BLACK
-38.187	49.843
-38.097	49.603
-38.097	49.583
-37.907	49.683
-37.867	49.693
-37.947	49.743
-37.997	49.753
-38.057	49.793
-38.177	49.853
-38.197	49.853
POLYLINE BLACK
-38.967	49.503
-38.947	49.483
-38.867	49.303
-38.867	49.283
-38.757	49.353
-38.667	49.393
-38.607	49.443
-38.657	49.473
-38.777	49.523
-38.877	49.533
-38.987	49.543
-39.007	49.533
POLYLINE BLACK
-39.707	49.923
-39.707	49.943
-39.707	49.913
-39.657	49.793
-39.637	49.683
-39.487	49.763
-39.417	49.833
-39.437	49.833
-39.517	49.883
-39.637	49.933
POLYLINE BLACK
-39.907	49.313
-39.907	49.293
-39.847	49.193
-39.837	49.133
-39.687	49.223
-39.597	49.283
-39.617	49.303
-39.657	49.313
-39.707	49.333
-39.917	49.333
POLYLINE BLUE
-37.657	50.113
-37.657	50.133
-37.837	50.143
-37.907	50.063
-37.947	49.933
-38.017	49.893
-38.087	49.883
-38.137	49.893
-38.347	50.003
-38.397	50.023
-38.447	50.023
-38.507	49.983
-38.547	49.843
-38.567	49.823
-38.647	49.833
-38.887	49.913
-38.907	49.913
-38.907	49.913
-38.867	49.943
-38.747	49.983
-38.787	49.983
-38.947	49.903
-39.007	49.833
-38.957	49.763
-38.767	49.693
POLYLINE BLACK
-37.337	50.403
-37.377	50.393
-37.437	50.343
POLYLINE BLACK
-37.297	50.303
-37.347	50.253
-37.367	50.253
POLYLINE BLACK
-37.257	50.173
-37.347	50.173
-37.367	50.183
POLYLINE BLACK
-37.297	50.043
-37.317	50.033
-37.397	50.053
POLYLINE BLACK
-37.307	49.953
-37.367	49.953
-37.407	49.973
-37.457	49.973
POLYLINE BLACK
-37.397	50.493
-37.287	50.423
-37.227	50.333
-37.217	50.243
-37.217	50.163
-37.247	50.053
-37.277	49.993
-37.287	49.953
-37.317	49.923
-37.337	49.873
POLYLINE GREEN
-36.927	49.643
-36.897	49.673
-36.887	49.713
-36.847	49.713
-36.837	49.673
POLYLINE GREEN
-37.067	49.793
-37.007	49.843
-36.967	49.853
-36.967	49.833
-36.937	49.793
-36.937	49.773
POLYLINE GREEN
-37.277	49.693
-37.247	49.773
-37.187	49.773
-37.157	49.713
POLYLINE GREEN
-37.377	49.533
-37.377	49.563
-37.387	49.603
-37.377	49.643
-37.357	49.663
-37.307	49.583
POLYLINE GREEN
-40.397	49.053
-40.327	48.963
POLYLINE GREEN
-40.417	49.263
-40.417	49.243
-40.397	49.193
-40.387	49.083
-40.467	48.983
POLYLINE BLACK
-40.577	48.973
-40.577	48.973
-40.577	49.033
-40.567	49.093
-40.567	49.203
-40.547	49.253
-40.527	49.253
-40.457	49.303
-40.447	49.323
-40.407	49.323
-40.327	49.273
-40.267	49.173
-40.257	49.083
-40.257	49.043
-40.267	49.003
-40.267	48.913
-40.287	48.863
-40.347	48.823
-40.487	48.853
-40.577	48.953
-40.577	48.983
POLYLINE BLACK
-37.497	49.463
-37.497	49.503
-37.487	49.543
-37.457	49.673
-37.407	49.733
-37.407	49.753
-37.367	49.803
-37.327	49.873
-37.277	49.893
-37.177	49.973
-37.027	50.023
-36.987	50.013
-36.927	50.013
-36.847	49.983
-36.697	49.833
-36.667	49.763
-36.617	49.703
POLYLINE BLACK
-40.387	48.543
-40.307	48.543
-40.237	48.563
-40.177	48.563
-40.087	48.593
-40.067	48.583
-39.927	48.613
-39.887	48.613
-39.827	48.633
-39.777	48.633
-39.667	48.663
-39.607	48.693
-39.557	48.693
-39.507	48.723
-39.427	48.733
-39.407	48.753
-39.347	48.763
-39.297	48.793
-39.257	48.803
-39.167	48.823
-39.137	48.823
-39.097	48.833
-39.057	48.833
-38.967	48.863
-38.947	48.863
-38.877	48.893
-38.847	48.893
-38.717	48.963
-38.677	48.973
-38.537	49.043
-38.447	49.113
-38.407	49.133
-38.377	49.163
-38.167	49.283
-38.137	49.293
-38.117	49.283
-38.077	49.313
-38.037	49.313
-38.037	49.333
-38.037	49.333
-37.967	49.313
-37.877	49.353
-37.847	49.353
-37.757	49.383
-37.737	49.373
-37.607	49.403
-37.527	49.423
-37.377	49.483
-37.257	49.563
-37.197	49.603
-37.167	49.603
-37.107	49.623
-36.997	49.623
POLYLINE BLACK
-40.357	50.783
-40.337	50.783
-40.157	50.653
-40.077	50.593
-39.987	50.593
-39.817	50.553
-39.777	50.543
-39.677	50.503
-39.647	50.503
-39.557	50.463
-39.497	50.463
-39.387	50.433
-39.337	50.433
-39.157	50.393
-39.017	50.373
-38.987	50.383
-38.867	50.363
-38.817	50.363
-38.717	50.343
-38.657	50.363
-38.627	50.353
-38.567	50.373
-38.517	50.373
-38.457	50.383
-38.387	50.393
-38.277	50.393
-38.207	50.413
-38.137	50.403
-38.047	50.413
-37.997	50.413
-37.957	50.423
-37.897	50.423
-37.787	50.463
-37.707	50.473
-37.657	50.483
-37.637	50.473
-37.577	50.493
-37.537	50.483
-37.407	50.483
-37.387	50.493
-37.367	50.473
-37.347	50.483
-37.257	50.493
-37.227	50.483
POLYLINE BLACK
-36.573	53.645
POLYLINE BLACK
-37.323	50.600
-37.263	50.510
-37.203	50.510
-37.173	50.480
-37.143	50.480
-37.083	50.465
-37.023	50.465
-36.963	50.450
-36.858	50.450
-36.798	50.435
-36.693	50.435
-36.663	50.405
-36.603	50.435
-36.573	50.435
-36.513	50.420
-36.453	50.420
-36.393	50.435
-36.333	50.480
-36.303	50.480
-36.213	50.540
-36.183	50.540
-36.123	50.555
-36.093	50.585
-36.063	50.585
-36.033	50.600
-35.943	50.720
-35.913	50.735
-35.913	50.765
-35.823	50.840
-35.763	50.885
-35.733	50.885
-35.643	50.960
-35.523	51.110
-35.433	51.155
-35.388	51.155
-35.328	51.185
-35.313	51.215
-35.283	51.215
-35.193	51.290
-35.148	51.365
-35.058	51.410
-34.998	51.410
-34.938	51.440
-34.908	51.440
-34.803	51.485
-34.683	51.485
-34.488	51.545
-34.398	51.545
-34.338	51.515
-34.278	51.515
-34.218	51.485
-34.188	51.485
-34.158	51.500
-33.993	51.455
-33.933	51.455
-33.843	51.425
POLYLINE BLACK
-34.458	50.480
-34.488	50.495
-34.503	50.525
-34.533	50.525
-34.563	50.555
-34.623	50.555
-34.683	50.540
-34.713	50.570
-34.773	50.570
-34.893	50.525
-34.953	50.495
-35.058	50.495
-35.178	50.420
-35.283	50.390
-35.298	50.360
-35.373	50.315
-35.418	50.255
-35.493	50.225
-35.538	50.165
-35.568	50.150
-35.613	50.150
-35.718	50.030
-35.748	50.015
-35.763	49.985
-35.883	49.910
-35.913	49.880
-35.943	49.880
-36.033	49.790
-36.063	49.790
-36.123	49.760
-36.153	49.760
-36.213	49.730
-36.243	49.730
-36.303	49.700
-36.378	49.685
-36.468	49.640
-36.648	49.640
-36.693	49.625
-36.753	49.640
-36.843	49.610
-36.948	49.610
-36.978	49.595
-37.008	49.610
-37.038	49.595
-37.068	49.610
-37.113	49.610
POLYLINE BLACK
-32.628	49.625
-32.793	49.685
-32.868	49.775
-32.928	49.805
-33.093	50.015
-33.258	50.210
-33.348	50.405
-33.348	50.450
-33.408	50.645
-33.483	50.810
-33.543	50.900
-33.543	50.930
-33.573	50.975
-33.603	51.110
-33.678	51.230
-33.723	51.290
-33.813	51.365
-33.828	51.440
-33.858	51.470
POLYLINE BLACK
-33.378	48.590
-33.378	48.620
-33.513	48.725
-33.648	49.040
-33.918	49.625
-33.948	49.655
-33.993	49.790
-34.143	50.015
-34.158	50.045
-34.158	50.090
-34.233	50.210
-34.233	50.240
-34.323	50.360
-34.398	50.480
-34.428	50.495
POLYLINE BLACK
-32.718	49.655
-32.628	49.580
-32.583	49.520
-32.493	49.460
-32.463	49.430
-32.388	49.400
-32.298	49.325
-32.028	49.190
-31.713	48.965
-31.683	48.965
-31.593	48.905
-31.488	48.860
-31.458	48.830
-31.323	48.785
-31.293	48.785
-31.158	48.695
-31.128	48.695
-30.978	48.575
-30.933	48.545
-30.903	48.545
-30.753	48.470
-30.723	48.470
POLYLINE BLACK
-33.423	48.620
-33.243	48.410
-33.138	48.365
-33.108	48.365
-33.078	48.335
-33.048	48.335
-32.988	48.305
-32.943	48.305
-32.883	48.275
-32.823	48.275
-32.733	48.230
-32.658	48.215
-32.523	48.140
-32.493	48.140
-32.328	48.035
-31.833	47.810
-31.698	47.720
-31.638	47.660
-31.608	47.660
-31.578	47.630
-31.548	47.630
-31.428	47.525
-31.203	47.420
-31.188	47.390
POLYLINE BLACK
-30.923	47.470
-30.863	47.570
-30.703	47.950
-30.603	48.310
-30.583	48.250
-30.363	48.070
-29.863	47.850
-29.723	47.830
-29.263	47.670
-29.103	47.570
-29.003	47.510
-28.903	47.370
-28.863	47.350
-29.023	47.010
-29.123	46.830
-29.223	46.630
-29.263	46.590
-29.263	46.550
-29.423	46.690
-29.563	46.710
-29.603	46.750
-30.023	46.930
-30.243	47.070
-30.603	47.190
-30.903	47.370
POLYLINE BLACK
-28.683	46.310
-28.803	46.410
-28.783	46.450
-28.703	46.430
-28.683	46.350
POLYLINE BLACK
-27.963	46.030
-28.023	46.110
-28.023	46.190
-28.003	46.230
-27.963	46.190
-27.923	46.210
-27.903	46.170
-27.983	46.110
POLYLINE BLACK
-28.683	46.350
-28.723	46.330
-28.763	46.370
-28.763	46.430
-28.723	46.410
-28.723	46.370
POLYLINE BLACK
-29.523	47.250
-29.603	47.310
-29.603	47.390
-29.523	47.430
-29.423	47.430
-29.443	47.330
-29.503	47.270
POLYLINE BLACK
-30.603	47.310
-30.623	47.530
-30.543	47.530
-30.463	47.470
-30.483	47.390
-30.523	47.310
-30.603	47.290
-30.643	47.330
POLYLINE BLACK
-30.823	48.590
-30.743	48.570
-30.703	48.530
-30.623	48.510
-30.463	48.450
-30.263	48.410
-30.183	48.390
-30.143	48.410
-30.063	48.390
-29.903	48.290
-29.823	48.270
-29.583	48.190
-29.303	47.990
-29.203	47.890
-29.143	47.830
-29.103	47.830
-28.883	47.630
-28.723	47.510
-28.623	47.470
-28.383	47.290
-28.103	47.010
-27.983	46.890
-27.823	46.690
-27.603	46.470
-27.563	46.470
-27.483	46.390
-27.423	46.290
-27.283	46.130
-27.203	46.110
-27.023	45.930
-27.023	45.890
-26.943	45.830
POLYLINE BLACK
-27.383	45.070
-27.663	45.290
-27.903	45.490
-28.043	45.630
-28.163	45.710
-28.283	45.810
-28.323	45.810
-28.543	45.970
-28.843	46.270
-28.963	46.310
-29.103	46.410
-29.183	46.430
-29.343	46.550
-29.443	46.570
-29.603	46.710
-29.763	46.810
-29.843	46.810
-29.883	46.850
-29.963	46.870
-30.143	46.930
-30.223	46.950
-30.303	46.990
-30.383	46.970
-30.463	46.990
-30.563	47.050
-30.603	47.050
-30.703	47.150
-30.743	47.150
-30.823	47.230
-30.823	47.230
-30.863	47.230
-31.043	47.410
-31.123	47.430
-31.323	47.550
POLYLINE BLACK
-23.853	43.970
-23.833	43.970
-23.783	43.930
-23.663	43.890
POLYLINE BLACK
-24.303	43.710
-24.313	43.750
-24.293	43.800
-24.253	43.800
-24.193	43.760
-24.193	43.700
-24.283	43.680
-24.323	43.670
POLYLINE BLACK
-25.113	43.530
-25.133	43.530
-25.163	43.570
-25.133	43.620
-25.053	43.630
-25.033	43.620
-25.023	43.540
-25.113	43.510
POLYLINE BLACK
-25.753	44.550
-25.773	44.550
-25.793	44.570
-25.783	44.610
-25.743	44.620
-25.703	44.600
-25.693	44.550
-25.713	44.510
-25.753	44.480
-25.833	44.550
POLYLINE BLACK
-26.743	44.700
-26.773	44.750
-26.753	44.810
-26.713	44.850
-26.693	44.850
-26.653	44.800
-26.653	44.760
-26.693	44.700
-26.733	44.680
-26.803	44.690
POLYLINE BLACK
-23.753	43.980
-23.793	43.970
-23.833	43.980
-23.883	43.980
-23.903	44.000
-23.943	44.010
-24.003	44.030
-24.023	44.030
-24.043	44.050
-24.083	44.050
-24.123	44.080
-24.173	44.090
-24.193	44.120
-24.233	44.120
-24.293	44.150
-24.323	44.150
-24.383	44.190
-24.473	44.230
-24.563	44.300
-24.603	44.320
-24.643	44.370
-24.693	44.400
-24.733	44.410
-24.843	44.480
-24.883	44.520
-24.953	44.560
-25.003	44.590
-25.023	44.590
-25.143	44.690
-25.233	44.740
-25.253	44.760
-25.343	44.780
-25.363	44.800
-25.473	44.840
-25.553	44.900
-25.573	44.900
-25.683	44.980
-25.863	45.120
-26.083	45.260
-26.133	45.290
-26.153	45.290
-26.233	45.350
-26.263	45.350
-26.473	45.480
-26.553	45.560
-26.593	45.570
-26.743	45.720
-26.793	45.740
-26.853	45.780
-26.893	45.830
POLYLINE BLACK
-23.843	42.820
-23.883	42.830
-24.103	42.920
-24.143	42.930
-24.283	42.990
-24.303	42.990
-24.323	43.010
-24.353	43.010
-24.413	43.030
-24.433	43.030
-24.453	43.050
-24.473	43.050
-24.533	43.070
-24.553	43.090
-24.583	43.090
-24.683	43.150
-24.703	43.180
-24.783	43.210
-24.813	43.210
-24.973	43.300
-25.143	43.370
-25.333	43.520
-25.443	43.610
-25.513	43.650
-25.553	43.660
-25.663	43.740
-25.813	43.840
-25.883	43.890
-25.933	43.940
-26.023	44.000
-26.163	44.130
-26.233	44.170
-26.273	44.210
-26.343	44.240
-26.453	44.310
-26.503	44.330
-26.543	44.380
-26.573	44.370
-26.713	44.490
-26.803	44.560
-26.823	44.560
-26.883	44.610
-27.023	44.700
-27.053	44.730
-27.123	44.780
-27.173	44.830
-27.333	44.960
-27.393	45.010
-27.393	45.030
POLYLINE BLACK
-22.059	43.386
-22.094	43.372
-22.122	43.372
-22.136	43.365
-22.150	43.379
-22.150	43.414
-22.143	43.435
-22.101	43.463
-22.059	43.463
-22.038	43.435
-22.038	43.386
-22.087	43.358
-22.108	43.358
POLYLINE BLACK
-22.696	42.931
-22.738	42.931
-22.752	42.959
-22.745	42.980
-22.703	43.008
-22.661	42.987
-22.654	42.973
-22.661	42.945
-22.675	42.931
-22.689	42.931
-22.703	42.924
POLYLINE BLACK
-22.801	43.456
-22.829	43.456
-22.836	43.470
-22.836	43.505
-22.822	43.533
-22.808	43.540
-22.773	43.540
-22.738	43.498
-22.738	43.484
-22.766	43.442
-22.815	43.428
POLYLINE BLACK
-23.347	43.540
-23.361	43.554
-23.375	43.554
-23.389	43.561
-23.403	43.582
-23.403	43.610
-23.354	43.645
-23.312	43.617
-23.298	43.589
-23.312	43.547
-23.333	43.547
-23.368	43.533
POLYLINE BLUE
-23.361	43.246
-23.340	43.197
-23.207	43.022
-23.193	43.008
POLYLINE BLUE
-21.989	43.120
-22.038	43.155
-22.087	43.176
-22.150	43.218
-22.178	43.225
-22.213	43.246
-22.227	43.246
-22.241	43.253
-22.262	43.246
-22.276	43.253
-22.290	43.246
-22.339	43.169
-22.360	43.113
-22.381	43.085
-22.430	43.078
-22.451	43.078
-22.500	43.120
-22.556	43.232
-22.584	43.302
-22.598	43.316
-22.605	43.337
-22.633	43.358
-22.654	43.365
-22.724	43.302
-22.808	43.204
-22.864	43.127
-22.983	43.239
-23.004	43.281
-23.018	43.295
-23.032	43.295
-23.151	43.225
-23.200	43.211
-23.228	43.225
-23.263	43.225
-23.347	43.267
-23.186	43.351
-23.088	43.372
-23.060	43.358
POLYLINE BLACK
-23.828	42.794
-23.728	42.744
-23.608	42.744
-23.588	42.754
-23.548	42.754
-23.498	42.764
-23.448	42.764
-23.428	42.754
-23.358	42.774
-23.268	42.784
-23.188	42.764
-23.118	42.774
-23.018	42.754
-22.988	42.754
-22.848	42.724
-22.808	42.724
-22.738	42.714
-22.688	42.714
-22.668	42.724
-22.648	42.714
-22.578	42.724
-22.548	42.714
-22.488	42.734
-22.418	42.734
-22.318	42.754
-22.268	42.744
-22.198	42.744
-22.158	42.734
-22.108	42.734
-22.088	42.724
-22.068	42.734
-22.028	42.724
-21.948	42.734
-21.778	42.734
-21.688	42.764
-21.668	42.764
POLYLINE BLACK
-21.598	43.664
-21.738	43.644
-21.798	43.644
-21.848	43.664
-21.908	43.664
-21.948	43.674
-21.988	43.674
-22.138	43.704
-22.298	43.724
-22.388	43.714
-22.448	43.734
-22.498	43.734
-22.568	43.754
-22.638	43.754
-22.748	43.744
-22.788	43.754
-22.808	43.774
-22.918	43.794
-22.968	43.794
-23.078	43.844
-23.108	43.844
-23.228	43.884
-23.298	43.904
-23.408	43.904
-23.428	43.914
-23.448	43.904
-23.598	43.904
-23.638	43.914
-23.658	43.904

ELEVATION
STATIONS
121.708	-23.318	2.57
98.373	-20.550	19.0
100.431	-20.979	19.1
104.650	-21.137	19.2
109.405	-21.636	19.3
111.958	-20.402	19.4
114.637	-20.849	19.5
118.298	-21.160	19.6
121.708	-23.318	19.7
115.197	-29.895	19.5
109.637	-30.045	19.3
100.413	-24.690	19.1
SHOTS
121.708	-23.318	121.708	-23.318
118.298	-21.160	121.708	-23.318
121.708	-23.318	121.740	-23.061
121.708	-23.318	121.379	-22.943
121.708	-23.318	122.167	-18.066
121.708	-23.318	121.648	-24.224
121.708	-23.318	118.986	-24.030
114.637	-20.849	118.298	-21.160
118.298	-21.160	118.240	-21.042
118.298	-21.160	118.252	-16.801
118.298	-21.160	117.890	-22.716
111.958	-20.402	114.637	-20.849
114.637	-20.849	114.984	-20.799
114.637	-20.849	115.741	-16.051
114.637	-20.849	114.672	-22.338
109.405	-21.636	111.958	-20.402
111.958	-20.402	112.199	-20.470
111.958	-20.402	112.657	-16.942
111.958	-20.402	111.821	-22.139
104.650	-21.137	109.405	-21.636
109.405	-21.636	109.510	-21.473
109.405	-21.636	109.313	-21.946
109.405	-21.636	110.362	-16.489
109.405	-21.636	109.244	-20.396
100.431	-20.979	104.650	-21.137
104.650	-21.137	104.589	-21.022
104.650	-21.137	104.557	-20.489
104.650	-21.137	104.568	-21.427
98.373	-20.550	100.431	-20.979
100.431	-20.979	100.432	-20.906
100.431	-20.979	100.391	-20.909
100.431	-20.979	100.472	-21.332
100.431	-20.979	99.993	-19.588
98.373	-20.550	98.373	-20.550
98.373	-20.550	98.658	-20.607
98.373	-20.550	98.507	-19.452
98.373	-20.550	98.382	-21.155
115.197	-29.895	114.174	-29.845	
115.197	-29.895	114.474	-25.097	
115.197	-29.895	115.167	-31.384	
109.637	-30.045	108.475	-29.882	
109.637	-30.045	109.412	-30.355	
109.637	-30.045	109.764	-24.898	
109.637	-30.045	109.704	-28.805	
100.413	-24.690	100.238	-24.617	
100.413	-24.690	101.203	-24.620	
100.413	-24.690	100.775	-25.043	
100.413	-24.690	100.853	-23.299	
POLYLINE BLUE
119.402	-23.740
119.492	-24.160
POLYLINE BLUE
119.102	-23.620
119.252	-24.100
POLYLINE BLUE
119.282	-23.770
119.372	-24.130
POLYLINE BLUE
119.162	-22.540
119.492	-23.740
POLYLINE BLUE
118.982	-23.140
119.102	-23.650
POLYLINE BLUE
118.892	-22.840
119.162	-23.230
119.222	-23.680
POLYLINE BLUE
118.652	-22.630
118.952	-22.690
119.132	-22.810
119.252	-23.050
119.342	-23.410
119.342	-23.650
POLYLINE BLACK
118.082	-16.600
118.262	-16.750
118.412	-16.750
118.562	-16.780
118.622	-16.840
118.742	-16.870
118.892	-16.960
119.012	-16.960
119.072	-17.020
119.132	-17.020
119.222	-17.080
119.432	-17.080
119.582	-17.140
119.672	-17.140
120.032	-17.260
120.122	-17.260
120.332	-17.410
120.422	-17.410
120.572	-17.500
120.842	-17.650
120.962	-17.650
121.262	-17.710
121.382	-17.710
121.622	-17.770
121.832	-17.770
121.952	-17.800
122.102	-17.830
122.252	-17.860
122.372	-17.890
122.492	-17.860
122.612	-17.890
POLYLINE BLACK
121.832	-24.250
121.562	-24.250
121.442	-24.190
121.322	-24.220
121.142	-24.190
121.082	-24.220
121.022	-24.190
120.962	-24.220
120.902	-24.190
120.752	-24.220
120.632	-24.190
120.392	-24.160
120.212	-24.160
120.152	-24.130
120.002	-24.130
119.942	-24.160
119.822	-24.130
119.702	-24.190
119.492	-24.100
119.432	-24.130
119.252	-24.070
119.192	-24.130
119.012	-24.070
118.952	-24.100
118.862	-23.980
118.832	-23.710
118.862	-23.590
118.862	-22.930
118.772	-22.750
118.652	-22.720
118.472	-22.660
118.202	-22.660
118.082	-22.630
117.632	-22.540
POLYLINE BLACK
114.572	-22.300
114.692	-22.300
114.752	-22.270
114.872	-22.300
114.992	-22.270
115.292	-22.330
115.382	-22.330
115.502	-22.300
115.622	-22.330
115.862	-22.330
116.012	-22.300
116.192	-22.360
116.402	-22.360
116.732	-22.450
116.852	-22.420
117.032	-22.480
117.122	-22.480
117.242	-22.510
117.572	-22.510
117.812	-22.570
117.932	-22.600
POLYLINE BLACK
114.362	-16.090
114.422	-16.090
114.602	-16.030
114.662	-16.060
114.782	-16.030
114.932	-16.030
114.992	-16.060
115.052	-16.030
115.172	-16.060
115.322	-16.030
115.442	-16.060
115.562	-16.030
115.682	-16.000
115.832	-16.030
116.012	-16.030
116.132	-16.060
116.282	-16.090
116.342	-16.060
116.462	-16.120
116.612	-16.120
116.732	-16.150
116.972	-16.210
117.242	-16.270
117.302	-16.330
117.422	-16.330
117.692	-16.510
117.752	-16.510
117.812	-16.570
117.932	-16.600
118.052	-16.690
118.202	-16.690
118.382	-16.780
118.442	-16.750
118.502	-16.840
POLYLINE BLACK
114.962	-27.145
114.977	-27.115
114.947	-27.055
114.947	-27.025
114.917	-26.935
114.917	-26.830
114.902	-26.770
114.902	-26.695
114.917	-26.635
114.917	-26.425
114.887	-26.305
114.887	-26.275
114.872	-26.245
114.872	-26.050
114.857	-26.020
114.857	-25.885
114.902	-25.750
114.947	-25.735
115.007	-25.750
115.112	-25.705
115.142	-25.675
115.172	-25.690
115.202	-25.660
115.232	-25.660
115.262	-25.645
115.322	-25.660
115.382	-25.660
115.442	-25.630
115.472	-25.630
115.532	-25.615
115.622	-25.495
115.652	-25.435
115.622	-25.375
115.622	-25.345
115.592	-25.285
115.577	-25.210
115.547	-25.150
115.427	-25.075
115.397	-25.075
115.337	-25.045
115.262	-25.045
115.202	-25.030
115.112	-25.075
115.082	-25.075
115.052	-25.090
114.992	-25.075
114.887	-25.120
114.857	-25.120
114.752	-25.090
114.617	-25.090
114.587	-25.075
114.557	-25.090
114.512	-25.075
114.377	-25.090
114.347	-25.075
114.257	-25.105
114.227	-25.090
114.152	-25.090
114.122	-25.075
114.092	-25.090
114.032	-25.090
113.837	-25.150
113.762	-25.165
113.702	-25.195
113.612	-25.195
113.552	-25.225
113.417	-25.225
113.357	-25.240
113.207	-25.360
113.177	-25.360
113.087	-25.405
113.057	-25.405
112.967	-25.525
112.952	-25.585
112.952	-25.615
113.042	-25.780
113.072	-25.780
113.117	-25.855
113.147	-25.855
113.267	-25.930
113.297	-25.930
113.357	-25.960
113.417	-25.960
113.477	-25.990
113.507	-25.990
113.567	-25.975
113.597	-25.990
113.657	-25.960
113.687	-25.975
113.732	-25.975
113.747	-26.005
113.777	-25.990
113.867	-26.050
113.912	-26.140
113.912	-26.170
113.927	-26.200
113.927	-26.305
114.002	-26.440
114.062	-26.530
114.062	-26.575
114.107	-26.680
114.107	-26.710
114.152	-26.770
114.152	-26.800
114.227	-26.890
114.257	-26.890
114.302	-26.980
114.302	-27.355
114.287	-27.430
114.287	-27.460
114.272	-27.490
114.272	-27.610
114.212	-27.730
114.212	-27.775
114.197	-27.835
114.212	-27.880
114.212	-27.940
114.272	-28.105
114.272	-28.195
114.287	-28.225
114.287	-28.300
114.272	-28.360
114.272	-28.465
114.257	-28.540
114.257	-28.735
114.242	-28.795
114.242	-28.855
114.197	-29.065
114.197	-29.260
114.152	-29.350
114.152	-29.380
114.137	-29.440
114.152	-29.470
114.152	-29.650
114.227	-29.800
114.227	-29.875
POLYLINE BLACK
115.232	-29.860
115.187	-29.695
115.187	-29.665
115.172	-29.605
115.172	-29.575
115.157	-29.545
115.157	-29.275
115.112	-29.170
115.112	-29.140
115.082	-29.080
115.082	-28.915
115.097	-28.855
115.097	-28.690
115.082	-28.630
115.082	-28.600
115.067	-28.570
115.067	-28.525
115.037	-28.390
115.037	-28.270
115.052	-28.210
115.052	-28.075
115.037	-28.045
115.037	-27.940
115.022	-27.910
115.022	-27.805
114.977	-27.625
114.992	-27.595
114.977	-27.565
114.977	-27.490
114.947	-27.430
114.962	-27.370
114.962	-27.250
114.947	-27.190
POLYLINE BLACK
115.172	-31.345
115.232	-31.345
115.382	-31.285
115.427	-31.225
115.412	-31.165
115.367	-31.105
115.367	-31.045
115.397	-31.030
115.412	-30.985
115.442	-30.970
115.457	-30.940
115.487	-30.925
115.502	-30.880
115.532	-30.850
115.532	-30.820
115.487	-30.670
115.367	-30.595
115.322	-30.490
115.322	-30.355
115.292	-30.295
115.292	-30.130
115.277	-30.070
115.247	-30.040
115.247	-30.010
115.217	-29.950
115.232	-29.875
115.262	-29.755
POLYLINE BLACK
114.182	-29.905
114.257	-30.055
114.287	-30.085
114.287	-30.115
114.377	-30.280
114.407	-30.295
114.437	-30.355
114.437	-30.445
114.452	-30.490
114.422	-30.550
114.422	-30.580
114.407	-30.610
114.422	-30.670
114.422	-30.790
114.392	-30.850
114.392	-30.880
114.272	-31.030
114.242	-31.135
114.242	-31.285
114.407	-31.390
114.437	-31.390
114.587	-31.345
114.617	-31.360
114.677	-31.345
114.707	-31.315
114.767	-31.315
114.827	-31.345
114.887	-31.330
114.947	-31.330
114.977	-31.360
115.007	-31.330
115.037	-31.330
115.067	-31.345
115.127	-31.330
115.187	-31.330
POLYLINE CONNECT
115.197	-29.895
114.637	-20.849
POLYLINE BLACK
111.787	-22.055
111.827	-22.095
111.967	-22.095
112.047	-22.115
112.107	-22.115
112.147	-22.135
112.187	-22.115
112.267	-22.135
112.367	-22.155
112.447	-22.135
112.527	-22.135
112.627	-22.175
112.707	-22.155
112.807	-22.195
112.887	-22.175
113.007	-22.175
113.047	-22.195
113.187	-22.175
113.267	-22.175
113.587	-22.255
113.667	-22.235
113.767	-22.235
113.847	-22.255
114.007	-22.275
114.087	-22.255
114.167	-22.275
114.267	-22.275
114.347	-22.295
114.667	-22.295
114.707	-22.275
114.787	-22.295
114.827	-22.275
POLYLINE BLACK
110.507	-16.515
110.607	-16.535
110.727	-16.535
110.807	-16.515
111.027	-16.495
111.107	-16.475
111.187	-16.495
111.287	-16.495
111.407	-16.535
111.447	-16.515
111.527	-16.555
111.687	-16.515
111.787	-16.515
112.107	-16.435
112.187	-16.415
112.267	-16.415
112.307	-16.395
112.467	-16.435
112.567	-16.415
112.607	-16.375
112.687	-16.395
112.847	-16.395
112.887	-16.375
112.927	-16.395
113.047	-16.375
113.227	-16.355
113.307	-16.315
113.367	-16.315
113.487	-16.255
113.567	-16.255
113.767	-16.175
113.867	-16.175
113.947	-16.155
113.987	-16.175
114.367	-16.075
114.607	-16.075
POLYLINE BLACK
109.627	-22.055
109.767	-22.035
109.907	-21.975
110.027	-21.995
110.207	-21.995
110.247	-21.975
110.327	-21.995
110.507	-21.995
110.587	-21.975
110.687	-22.015
110.727	-21.995
110.807	-22.015
110.847	-21.995
110.927	-22.015
110.987	-22.015
111.067	-22.035
111.187	-22.055
111.227	-22.035
111.367	-22.075
111.447	-22.055
111.527	-22.075
111.647	-22.075
111.767	-22.115
111.907	-22.115
111.947	-22.135
POLYLINE BLACK
111.487	-25.535
111.527	-25.555
POLYLINE BLACK
109.707	-30.435
109.707	-30.395
109.827	-30.375
109.867	-30.395
109.947	-30.335
109.987	-30.335
110.107	-30.135
110.107	-29.975
110.067	-29.855
110.067	-29.795
110.047	-29.715
110.027	-29.635
110.007	-29.555
110.067	-29.475
110.067	-29.435
110.187	-29.335
110.467	-29.055
110.547	-29.035
110.607	-28.915
110.647	-28.915
110.667	-28.875
110.707	-28.875
110.767	-28.795
110.807	-28.655
110.807	-28.495
110.827	-28.275
110.887	-28.095
110.887	-27.995
110.907	-27.895
110.847	-27.595
110.847	-27.455
110.767	-27.235
110.747	-27.155
110.707	-27.015
110.647	-26.715
110.647	-26.515
110.507	-26.215
110.507	-26.135
110.487	-26.095
110.507	-25.995
110.527	-25.915
110.547	-25.835
110.527	-25.775
110.547	-25.735
110.627	-25.715
110.707	-25.695
110.767	-25.635
110.807	-25.635
110.847	-25.595
111.007	-25.575
111.087	-25.575
POLYLINE BLACK
110.827	-25.615
POLYLINE BLACK
111.367	-25.475
111.327	-25.495
POLYLINE BLACK
111.287	-25.015
111.327	-25.055
POLYLINE BLACK
110.967	-24.915
110.987	-24.955
111.027	-24.955
POLYLINE BLACK
109.707	-24.895
109.867	-24.935
110.027	-24.935
110.067	-24.895
110.147	-24.915
110.307	-24.935
110.387	-24.915
110.467	-24.915
110.547	-24.895
110.627	-24.895
110.667	-24.915
POLYLINE BLACK
108.467	-29.795
108.567	-29.595
108.567	-29.495
108.627	-29.335
108.647	-29.235
108.667	-29.155
108.647	-28.995
108.787	-28.715
108.787	-28.495
108.747	-28.335
108.747	-28.255
108.807	-28.075
108.807	-28.015
108.827	-27.935
108.847	-27.835
108.987	-27.335
108.987	-27.155
109.007	-27.055
109.067	-26.955
109.087	-26.875
109.127	-26.755
109.107	-26.635
109.167	-26.455
109.227	-26.235
109.227	-26.055
109.207	-25.955
109.227	-25.855
109.327	-25.635
109.327	-25.575
109.347	-25.495
109.347	-25.415
109.447	-25.115
109.607	-24.955
109.687	-24.935
109.747	-24.915
POLYLINE BLACK
109.807	-30.335
109.727	-30.355
109.687	-30.375
109.647	-30.355
109.607	-30.395
109.447	-30.355
109.407	-30.375
109.327	-30.355
109.247	-30.355
109.207	-30.335
109.127	-30.355
108.927	-30.355
108.807	-30.315
108.767	-30.335
108.727	-30.315
108.647	-30.335
108.527	-30.295
108.447	-30.215
108.447	-30.115
108.527	-29.995
108.527	-29.915
108.507	-29.875
108.527	-29.735
108.527	-29.655
POLYLINE CONNECT
109.637	-30.045
109.405	-21.636
POLYLINE BLACK
106.997	-16.325
107.057	-16.325
107.157	-16.305
107.717	-16.305
107.797	-16.325
107.957	-16.325
108.217	-16.385
108.437	-16.425
108.557	-16.425
108.657	-16.445
108.697	-16.445
108.897	-16.505
109.257	-16.505
109.417	-16.525
109.597	-16.545
109.757	-16.525
110.177	-16.525
110.297	-16.485
110.397	-16.505
110.517	-16.505
110.557	-16.485
110.757	-16.525
110.837	-16.545
110.877	-16.525
111.057	-16.565
111.137	-16.565
111.197	-16.585
111.277	-16.565
111.337	-16.565
111.377	-16.585
111.417	-16.565
POLYLINE BLACK
107.817	-18.425
108.097	-18.485
108.277	-18.545
108.357	-18.585
108.597	-18.625
108.717	-18.665
POLYLINE BLACK
107.137	-18.285
107.177	-18.325
107.317	-18.345
107.357	-18.325
107.537	-18.345
POLYLINE BLACK
106.617	-18.225
106.777	-18.265
POLYLINE BLACK
107.397	-18.065
107.337	-18.045
POLYLINE BLACK
108.097	-18.265
POLYLINE BLACK
108.597	-18.445
108.477	-18.445
POLYLINE BLACK
109.117	-20.305
109.217	-20.185
109.237	-20.105
109.257	-19.945
109.237	-19.725
109.237	-19.665
109.217	-19.625
109.217	-19.545
109.197	-19.505
109.197	-19.085
109.177	-18.985
109.177	-18.805
109.157	-18.725
109.137	-18.645
109.117	-18.605
POLYLINE BLACK
109.237	-20.805
109.157	-20.805
109.017	-20.765
108.797	-20.765
108.737	-20.745
108.637	-20.745
108.557	-20.725
108.437	-20.725
108.077	-20.785
107.937	-20.785
107.577	-20.865
107.437	-20.865
107.357	-20.845
107.337	-20.885
107.357	-20.985
107.357	-21.065
107.377	-21.165
107.397	-21.325
107.397	-21.445
107.457	-21.425
107.537	-21.445
107.637	-21.445
107.717	-21.465
107.937	-21.465
108.097	-21.505
108.197	-21.505
108.317	-21.545
108.537	-21.585
108.697	-21.605
108.877	-21.625
109.037	-21.625
109.177	-21.665
109.197	-21.625
109.157	-21.465
109.157	-21.365
109.137	-21.265
109.157	-21.145
109.137	-21.105
109.157	-21.025
109.157	-20.845
POLYLINE BLACK
109.157	-20.305
109.057	-20.325
108.897	-20.305
108.857	-20.265
108.817	-20.285
108.737	-20.265
108.577	-20.245
108.497	-20.265
108.377	-20.225
108.337	-20.245
108.257	-20.225
108.117	-20.225
108.037	-20.205
107.957	-20.205
107.917	-20.185
107.837	-20.205
107.757	-20.185
107.677	-20.205
107.397	-20.125
107.357	-20.105
107.317	-20.125
107.277	-20.085
107.197	-20.065
107.077	-20.005
106.777	-19.925
106.737	-19.885
106.697	-19.905
106.517	-19.845
106.437	-19.825
106.357	-19.805
106.057	-19.745
105.917	-19.745
105.717	-19.665
105.637	-19.585
105.517	-19.565
105.477	-19.585
105.297	-19.545
105.217	-19.505
105.077	-19.505
104.817	-19.425
104.737	-19.405
104.677	-19.425
104.637	-19.405
104.517	-19.445
104.377	-19.445
104.297	-19.465
104.217	-19.465
POLYLINE BLACK
107.897	-20.725
POLYLINE BLACK
104.617	-21.465
104.657	-21.425
104.777	-21.465
104.957	-21.485
105.117	-21.525
105.397	-21.505
105.457	-21.485
105.597	-21.505
106.097	-21.505
106.517	-21.585
106.557	-21.605
106.597	-21.585
106.797	-21.645
106.977	-21.685
107.057	-21.665
107.137	-21.685
107.317	-21.705
107.397	-21.725
107.577	-21.725
107.817	-21.785
107.897	-21.805
107.997	-21.805
108.117	-21.845
108.177	-21.845
108.397	-21.905
108.477	-21.905
108.677	-21.945
108.937	-21.945
108.977	-21.965
109.017	-21.945
109.137	-21.985
109.197	-21.985
109.237	-21.965
109.357	-22.005
109.437	-21.985
109.617	-22.025
109.737	-22.045
109.817	-22.025
109.857	-22.045
POLYLINE GREEN
105.402	-20.020
105.387	-20.050
105.297	-20.125
105.297	-20.185
105.342	-20.245
105.417	-20.245
105.477	-20.230
POLYLINE GREEN
104.967	-20.155
104.907	-20.215
104.907	-20.275
104.937	-20.305
104.982	-20.290
105.042	-20.305
POLYLINE GREEN
104.532	-20.275
104.502	-20.395
104.502	-20.455
104.577	-20.470
104.607	-20.440
POLYLINE GREEN
104.142	-20.380
104.142	-20.410
104.097	-20.500
104.097	-20.530
104.127	-20.560
104.187	-20.560
104.247	-20.530
POLYLINE BLACK
103.737	-20.680
103.737	-20.650
103.857	-20.485
103.887	-20.470
103.902	-20.440
103.977	-20.425
104.172	-20.365
104.202	-20.350
104.247	-20.350
104.397	-20.275
104.427	-20.275
104.562	-20.215
104.592	-20.215
104.742	-20.140
104.772	-20.140
104.907	-20.080
104.967	-20.080
105.072	-20.005
105.387	-20.005
105.447	-19.990
105.507	-19.945
105.642	-19.945
105.732	-20.005
105.747	-20.065
105.747	-20.140
105.732	-20.170
105.537	-20.275
105.507	-20.275
105.372	-20.350
105.342	-20.350
105.177	-20.395
POLYLINE BLACK
103.782	-20.695
103.812	-20.665
103.902	-20.665
103.962	-20.650
104.097	-20.620
104.157	-20.575
104.187	-20.605
104.217	-20.590
104.262	-20.590
104.397	-20.515
104.427	-20.515
104.517	-20.470
104.577	-20.485
104.607	-20.470
104.682	-20.470
104.817	-20.410
105.027	-20.410
105.102	-20.395
105.132	-20.365
105.177	-20.350
105.207	-20.320
105.237	-20.320
105.282	-20.290
POLYLINE BLACK
100.407	-21.325
100.437	-21.325
100.467	-21.310
100.662	-21.310
100.767	-21.295
100.797	-21.295
100.857	-21.280
100.887	-21.295
100.917	-21.280
101.052	-21.310
101.172	-21.310
101.202	-21.325
101.262	-21.310
101.322	-21.310
101.397	-21.325
101.457	-21.310
101.517	-21.325
101.547	-21.325
101.607	-21.340
101.682	-21.325
101.742	-21.355
101.937	-21.385
101.967	-21.370
102.147	-21.370
102.177	-21.355
102.642	-21.355
102.702	-21.370
102.837	-21.385
103.272	-21.385
103.377	-21.415
103.527	-21.415
103.587	-21.430
103.692	-21.430
103.767	-21.445
103.827	-21.445
103.872	-21.430
103.902	-21.445
103.932	-21.430
104.067	-21.430
104.097	-21.445
104.202	-21.445
104.277	-21.430
104.352	-21.445
104.382	-21.430
104.442	-21.460
104.472	-21.445
104.517	-21.445
104.577	-21.430
104.637	-21.445
104.712	-21.430
104.922	-21.430
104.952	-21.445
POLYLINE BLACK
100.902	-19.615
100.962	-19.645
100.992	-19.645
101.127	-19.675
101.187	-19.675
101.217	-19.690
101.247	-19.675
101.352	-19.705
101.382	-19.690
101.442	-19.705
101.472	-19.690
101.517	-19.690
101.547	-19.675
101.622	-19.675
101.757	-19.615
101.802	-19.615
101.832	-19.600
101.862	-19.615
101.937	-19.600
102.252	-19.600
102.312	-19.585
102.342	-19.585
102.372	-19.600
102.567	-19.525
102.627	-19.525
102.717	-19.495
102.762	-19.495
102.882	-19.450
102.942	-19.465
102.972	-19.450
103.032	-19.465
103.077	-19.465
103.107	-19.480
103.137	-19.465
103.182	-19.465
103.242	-19.450
103.272	-19.465
103.302	-19.450
103.347	-19.450
103.377	-19.435
103.437	-19.450
103.527	-19.450
103.557	-19.435
103.722	-19.435
103.797	-19.420
103.857	-19.435
103.992	-19.420
104.022	-19.420
104.082	-19.435
104.157	-19.420
104.247	-19.420
104.307	-19.405
104.382	-19.405
104.412	-19.420
POLYLINE BLACK
100.839	-23.324
100.853	-23.359
100.902	-23.422
100.937	-23.464
101.000	-23.590
101.014	-23.625
101.056	-23.667
101.070	-23.702
101.070	-23.737
101.077	-23.765
101.077	-23.807
101.000	-23.940
100.972	-23.982
100.958	-23.996
100.951	-24.017
100.909	-24.045
100.867	-24.073
100.853	-24.087
100.853	-24.101
100.846	-24.115
100.846	-24.164
100.853	-24.178
100.853	-24.199
100.874	-24.262
100.888	-24.276
100.895	-24.297
100.951	-24.339
100.993	-24.367
101.028	-24.381
101.112	-24.444
101.133	-24.444
101.175	-24.472
101.189	-24.486
101.203	-24.486
101.238	-24.535
101.238	-24.633
101.245	-24.668
101.238	-24.696
101.238	-24.717
POLYLINE BLACK
100.741	-23.233
100.769	-23.247
100.797	-23.282
100.881	-23.352
POLYLINE BLACK
100.230	-24.591
100.223	-24.556
100.209	-24.514
100.209	-24.493
100.160	-24.423
100.160	-24.402
100.153	-24.388
100.153	-24.241
100.174	-24.178
100.202	-24.101
100.209	-24.038
100.251	-23.947
100.258	-23.891
100.300	-23.779
100.335	-23.716
100.363	-23.674
100.384	-23.625
100.426	-23.576
100.496	-23.520
100.538	-23.422
100.552	-23.408
100.615	-23.275
100.622	-23.254
100.643	-23.226
100.657	-23.226
100.671	-23.233
100.699	-23.226
100.713	-23.226
100.741	-23.219
100.755	-23.219
100.769	-23.212
POLYLINE BLACK
100.370	-25.074
100.335	-25.032
100.321	-25.032
100.300	-24.983
100.300	-24.927
100.258	-24.871
100.223	-24.829
100.216	-24.794
100.202	-24.780
100.202	-24.766
100.174	-24.766
100.125	-24.745
100.118	-24.731
100.139	-24.689
100.167	-24.654
100.195	-24.654
100.223	-24.626
100.237	-24.626
100.244	-24.598
100.237	-24.584
POLYLINE BLACK
100.965	-25.011
101.105	-24.976
101.133	-24.934
101.147	-24.906
101.147	-24.892
101.168	-24.850
101.182	-24.836
101.182	-24.815
101.196	-24.759
101.217	-24.689
101.224	-24.661
101.224	-24.598
POLYLINE BLACK
100.356	-25.060
100.398	-25.046
100.419	-25.046
100.433	-25.053
100.447	-25.046
100.461	-25.060
100.489	-25.053
100.524	-25.060
100.552	-25.060
100.580	-25.053
100.622	-25.053
100.650	-25.067
100.685	-25.067
100.713	-25.060
100.748	-25.067
100.804	-25.046
100.818	-25.032
100.846	-25.032
100.874	-25.018
100.909	-25.018
100.979	-24.983
100.993	-24.983
POLYLINE CONNECT
100.413	-24.690
100.431	-20.979
POLYLINE BLACK
100.923	-18.825
100.938	-18.855
100.923	-18.930
100.923	-19.080
100.908	-19.140
100.908	-19.215
100.863	-19.365
100.848	-19.425
100.848	-19.470
100.833	-19.530
100.833	-19.560
100.953	-19.665
101.073	-19.665
101.163	-19.710
101.238	-19.710
POLYLINE BLACK
99.918	-19.605
99.918	-19.575
99.963	-19.515
99.963	-19.470
99.978	-19.410
99.993	-19.275
99.993	-19.245
99.963	-19.155
99.963	-19.080
99.978	-19.020
99.978	-18.855
100.008	-18.750
POLYLINE BLACK
98.133	-21.135
98.163	-21.150
98.208	-21.150
98.343	-21.210
98.418	-21.210
98.448	-21.195
98.688	-21.195
98.823	-21.210
98.943	-21.210
99.018	-21.225
99.093	-21.225
99.228	-21.240
99.393	-21.300
99.498	-21.300
99.648	-21.345
99.723	-21.360
99.753	-21.345
99.783	-21.360
99.813	-21.345
99.873	-21.360
100.008	-21.360
100.083	-21.345
100.173	-21.345
100.263	-21.315
100.308	-21.330
100.398	-21.300
100.443	-21.315
100.473	-21.300
POLYLINE BLACK
98.373	-19.500
98.463	-19.500
98.508	-19.530
98.583	-19.530
98.643	-19.515
98.928	-19.515
99.048	-19.545
99.153	-19.545
99.213	-19.590
99.378	-19.590
99.483	-19.620
99.543	-19.605
99.723	-19.605
99.783	-19.590
99.813	-19.605
99.903	-19.575
99.978	-19.575
