Swil20130224_ShortDryWay   (m, 360)

[1]: 2013/02/24     0.00  "Badger, Paul Dold, Footleg"


     2.5         3.0       0.000    0.00    0.00  [1]    
     3.0         3.1       1.426  131.80  -13.23  [1]    
     3.0         3.1       1.429  131.56  -13.29  [1]    
     3.0         3.1       1.430  131.46  -13.24  [1]    
     3.1                   1.420  311.07   12.80  [1]    
     3.1                   0.578  327.33   -0.57  [1]    
     3.1                   0.944  171.13   -6.41  [1]    
     3.1                   0.500  258.56  -34.18  [1]    
     3.1         3.2       3.888   73.20  -51.66  [1]    
     3.1         3.2       3.899   73.13  -51.62  [1]    
     3.1         3.2       3.875   73.53  -51.61  [1]    
     3.2                   3.907  252.77   52.00  [1]    
     3.2                   0.913  252.72   -4.04  [1]    
     3.2                   0.805  250.31  -35.24  [1]    
     3.2                   2.435  239.99   47.81  [1]    
     3.2         3.3       4.503  170.78   19.66  [1]    "3.3=tip of downward pointing rock spike on ceiling "
     3.2         3.3       4.503  170.71   19.67  [1]    
     3.2         3.3       4.502  170.67   19.71  [1]    
     3.3                   4.456  350.50  -20.39  [1]    
     3.3                   0.458   71.39   -4.30  [1]    
     3.3                   0.394  251.63  -13.19  [1]    
     3.3                   1.536  358.12   82.08  [1]    
     3.3                   0.938  170.44  -79.46  [1]    
     3.3                   0.446  220.38   -6.59  [1]    
     3.3         3.4       1.106  246.37  -14.33  [1]    
     3.3         3.4       1.105  246.67  -14.12  [1]    
     3.3         3.4       1.106  246.44  -14.02  [1]    
     3.4                   0.678  212.13  -85.64  [1]    
     3.4                   0.281    4.71    4.35  [1]    
     3.4                   0.601  345.93   65.79  [1]    
     3.4                   2.837  294.88   -9.50  [1]    
     3.2         3.5       4.922  323.62    2.52  [1]    
     3.2         3.5       4.910  323.55    2.22  [1]    
     3.2         3.5       4.909  323.82    2.28  [1]    
     3.5                   4.912  143.73   -2.57  [1]    
     3.5                   0.736  236.15   -6.85  [1]    
     3.5                   0.874   46.77  -82.61  [1]    
     3.5                   1.683  227.27   67.16  [1]    
     3.5                   1.027  103.39   -8.81  [1]    
     3.5                   2.179  148.83   -2.53  [1]    
     3.5         3.6       5.052  279.26  -25.26  [1]    
     3.5         3.6       5.051  279.39  -25.19  [1]    
     3.5         3.6       5.052  279.39  -25.25  [1]    
     3.6                   5.049   99.27   25.32  [1]    
     3.6                   0.581   34.79    1.49  [1]    
     3.6                   1.159  111.26  -85.03  [1]    
     3.6                   2.833   16.27   74.62  [1]    
     3.6                   2.604   99.05    2.63  [1]    
     3.6                   2.791  105.09    4.91  [1]    
     3.6         3.7       5.018  336.21  -13.75  [1]    
     3.6         3.7       5.015  336.44  -14.01  [1]    
     3.6         3.7       5.014  336.44  -13.80  [1]    
     3.7                   5.004  156.87   13.29  [1]    
     3.7                   0.408  231.77   -3.06  [1]    
     3.7                   3.726  254.43   80.33  [1]    
     3.7                   0.536  182.41  -84.02  [1]    
     3.7                   2.547  328.39  -82.67  [1]    
     3.7         3.8       3.193  303.14  -33.01  [1]    
     3.7         3.8       3.192  303.03  -33.21  [1]    
     3.7         3.8       3.189  303.06  -33.12  [1]    
     3.8                   3.212  123.01   33.05  [1]    
     3.8                   0.532   23.07   -5.56  [1]    
     3.8                   4.455  353.35   80.60  [1]    
     3.8                   1.446  224.40  -78.95  [1]    
     3.8                   1.873   72.08    1.35  [1]    
     3.8         3.9       6.702  295.68  -12.11  [1]    "3.9=lone little knobby white stalagmite on wall  "
     3.8         3.9       6.712  295.75  -12.16  [1]    
     3.8         3.9       6.710  295.65  -12.18  [1]    
     3.9                   6.724  115.55   11.83  [1]    
     3.9                   0.564  196.48    2.10  [1]    
     3.9                   1.164  244.84   81.25  [1]    
     3.9                   1.086  201.63  -76.54  [1]    
     3.9                   3.555  117.58   -4.92  [1]    
     3.9         3.10      1.115  266.03    2.35  [1]    
     3.9         3.10      1.112  265.97    2.41  [1]    
     3.9         3.10      1.113  265.80    2.30  [1]    
     3.10                  1.097   86.87   -3.67  [1]    
     3.10                  0.454   26.25    1.63  [1]    
     3.10                  1.162   88.18  -83.85  [1]    
     3.10                  0.841  103.85   84.38  [1]    
     3.10        3.11      4.302  323.09    3.75  [1]    
     3.10        3.11      4.301  323.33    3.86  [1]    
     3.10        3.11      4.302  323.23    3.78  [1]    
     3.11                  4.283  143.46   -4.52  [1]    
     3.11                  0.567  212.81    2.62  [1]    
     3.11                  2.072  237.99   81.23  [1]    
     3.11                  1.721  204.15  -67.89  [1]    
     3.11        3.12      3.278  275.96  -17.28  [1]    
     3.11        3.12      3.277  275.92  -17.33  [1]    
     3.11        3.12      3.278  276.09  -17.28  [1]    
     3.12                  3.279   96.34   17.39  [1]    
     3.12                  0.524   17.73   -1.02  [1]    
     3.12                  0.806  128.05  -86.09  [1]    
     3.12                  1.786  345.81   78.34  [1]    
     3.12        3.13      4.677  298.05   -3.29  [1]    
     3.12        3.13      4.673  298.00   -3.28  [1]    
     3.12        3.13      4.678  297.94   -3.29  [1]    
     3.13                  4.680  118.39    3.00  [1]    
     3.13                  0.573   34.60   -3.75  [1]    
     3.13                  0.382   17.11   84.09  [1]    
     3.13                  0.716  158.62  -86.15  [1]    
     3.13                  2.724  321.69   70.91  [1]    
