Swil20170708_DblPotsDownstream   (m, 360)

[1]: 2017/07/08     0.00  "Sarah Bischoff on Footleg's DistoX2 2609 \rFootleg sketching \rJosh Benton dog"


    21.25       22.0       0.000    0.00    0.00  [1]    
    22.0                   1.324    7.52    1.92  [1]    
    22.0                   0.429  188.24   -0.13  [1]    
    22.0                   2.838  300.03   82.69  [1]    
    22.0                   1.972   40.44  -64.78  [1]    
    22.0        22.1       2.073  330.17  -24.48  [1]    
    22.0        22.1       2.069  330.24  -24.48  [1]    
    22.0        22.1       2.071  330.19  -24.48  [1]    
    22.1        22.0       2.080  149.86   24.45  [1]    
    22.1        22.0       2.074  149.76   24.52  [1]    
    22.1        22.0       2.071  150.48   24.66  [1]    
    22.1                   2.366  182.33    2.21  [1]    
    22.1                   1.973  176.75  -69.80  [1]    
    22.1                   4.190  169.57   66.96  [1]    
    22.1        22.2       2.386  230.62   -4.83  [1]    
    22.1        22.2       2.390  230.59   -4.86  [1]    
    22.1        22.2       2.401  230.60   -4.79  [1]    
    22.2        22.1       2.371   50.35    4.73  [1]    
    22.2        22.1       2.396   50.45    4.75  [1]    
    22.2        22.1       2.396   50.47    4.69  [1]    
    22.2                   0.514  354.84    6.15  [1]    
    22.2                   4.092  289.06   81.96  [1]    
    22.2                   3.729  295.72  -74.64  [1]    
    22.2                   1.972   49.29  -73.72  [1]    
    22.2        22.3       3.592  272.68  -36.72  [1]    
    22.2        22.3       3.559  271.96  -37.30  [1]    
    22.2        22.3       3.557  272.06  -37.29  [1]    
    22.3        22.2       3.545   92.83   37.39  [1]    
    22.3        22.2       3.562   92.79   37.21  [1]    
    22.3        22.2       3.554   92.82   37.36  [1]    
    22.3                   2.992   85.41    0.44  [1]    
    22.3                   4.017  100.08   78.23  [1]    
    22.3                   6.689   55.16   70.21  [1]    
    22.3                   1.607   58.97  -70.61  [1]    
    22.3                   1.809   48.15    3.40  [1]    
    22.3                   2.629   37.38  -28.40  [1]    
    22.3                   2.195  131.46   -1.65  [1]    
    22.3                   0.987  178.14    5.04  [1]    
    22.3        22.4       2.369  158.46    4.52  [1]    
    22.3        22.4       2.368  158.29    4.23  [1]    
    22.3        22.4       2.367  158.32    4.30  [1]    
    22.4        22.3       2.383  338.42   -4.20  [1]    
    22.4        22.3       2.382  338.54   -4.22  [1]    
    22.4        22.3       2.388  338.58   -4.22  [1]    
    22.4                   1.295  309.37   -6.45  [1]    
    22.4                   2.092  311.95  -52.37  [1]    
    22.4                   9.225  353.50   78.78  [1]    
    22.4        22.5       3.181  249.06   -5.10  [1]    
    22.4        22.5       3.174  249.27   -5.06  [1]    
    22.4        22.5       3.166  249.09   -5.08  [1]    
    22.5        22.4       3.181   69.10    5.45  [1]    
    22.5        22.4       3.179   68.94    5.59  [1]    
    22.5        22.4       3.182   69.06    5.42  [1]    
    22.5                   0.559   25.21   -1.58  [1]    
    22.5                   0.410  331.96   51.12  [1]    
    22.5                   2.476   54.98   79.41  [1]    
    22.5                   2.049  100.54   -8.38  [1]    
    22.5                   2.179   78.37   -7.42  [1]    
    22.5                   1.518  259.98  -83.51  [1]    
    22.5        22.6       4.637  279.14   -8.89  [1]    
    22.5        22.6       4.628  279.11   -8.94  [1]    
    22.5        22.6       4.638  279.18   -8.97  [1]    
    22.6        22.5       4.661   99.55    8.67  [1]    
    22.6        22.5       4.673   99.52    8.62  [1]    
    22.6        22.5       4.664   99.46    8.64  [1]    
    22.6                   1.341   24.21    6.71  [1]    
    22.6                   0.685  210.72   33.61  [1]    
    22.6                   2.564  350.20   70.16  [1]    
    22.6                   1.561   15.50  -52.00  [1]    
    22.6        22.7       3.976  306.84  -10.10  [1]    
    22.6        22.7       3.976  306.97  -10.31  [1]    
    22.6        22.7       3.976  306.88  -10.13  [1]    
    22.7        22.6       3.964  127.51    9.90  [1]    
    22.7        22.6       3.965  127.57    9.84  [1]    
    22.7        22.6       3.965  127.49    9.95  [1]    
    22.7                   1.731   43.90   11.34  [1]    
    22.7                   7.362  317.38   61.14  [1]    
    22.7                   1.089  218.02   16.57  [1]    
    22.7                   0.205   40.75  -48.31  [1]    
    22.7        22.8       7.552  310.82   -7.10  [1]    
    22.7        22.8       7.550  310.83   -7.03  [1]    
    22.7        22.8       7.552  310.80   -7.01  [1]    
    22.8        22.7       7.538  131.12    6.86  [1]    
    22.8        22.7       7.535  131.12    6.85  [1]    
    22.8        22.7       7.533  131.15    6.77  [1]    
    22.8                   1.263  215.78    3.56  [1]    
    22.8                   6.776  192.35   79.33  [1]    
    22.8                   1.552  181.74  -84.37  [1]    
    22.8                   1.529  183.77  -82.80  [1]    
    22.8                   0.665   50.89    7.04  [1]    
    22.8        22.9       5.880  266.11  -14.25  [1]    
    22.8        22.9       5.884  266.10  -14.29  [1]    
    22.8        22.9       5.867  266.17  -14.45  [1]    
    22.9        22.8       5.870   86.17   14.25  [1]    
    22.9        22.8       5.860   86.23   14.21  [1]    
    22.9        22.8       5.877   86.18   14.34  [1]    
    22.9                   1.187   15.91    3.42  [1]    
    22.9                   5.471   99.33   62.79  [1]    
    22.9                   4.811  137.83   47.35  [1]    
    22.9                   1.265   99.93  -11.76  [1]    
    22.9                   1.904  137.29  -11.07  [1]    
    22.9                   1.597  354.60  -83.24  [1]    
    22.9        22.11      5.129  165.17  -10.36  [1]    
    22.9        22.11      5.134  165.19  -10.23  [1]    
    22.9        22.11      5.130  165.23  -10.19  [1]    
    22.11       22.9       5.145  344.54    9.65  [1]    
    22.11       22.9       5.144  344.53    9.63  [1]    
    22.11       22.9       5.141  344.49    9.50  [1]    
    22.11                  0.709  271.26   -0.13  [1]    
    22.11                  8.658  107.88   69.98  [1]    
    22.11                  3.118  157.73   79.37  [1]    
    22.9        22.10      3.685  143.00   17.52  [1]    "22.10=small stumpy white stalagmite on traverse ledge at start of traverse into Barnes Loop"
    22.9        22.10      3.685  142.98   17.53  [1]    
    22.9        22.10      3.686  143.13   17.55  [1]    
    22.10       22.9       3.693  323.06  -17.38  [1]    
    22.10       22.9       3.697  323.01  -17.44  [1]    
    22.10       22.9       3.694  323.05  -17.48  [1]    
    22.10                  1.579  251.94   -1.33  [1]    
    22.10                  0.560   63.10   42.97  [1]    
    22.10                  2.307  107.22   88.06  [1]    
    22.10                  4.033  259.04  -53.79  [1]    
    22.11                  0.000    0.00    0.00  [1]    
    22.11       22.12      2.810  186.51  -15.20  [1]    
    22.11       22.12      2.807  186.48  -15.13  [1]    
    22.11       22.12      2.808  186.56  -15.19  [1]    
    22.12       22.11      2.826    6.16   15.59  [1]    
    22.12       22.11      2.828    6.10   15.47  [1]    
    22.12       22.11      2.823    5.73   15.53  [1]    
    22.12                  0.708   92.89   -2.48  [1]    
    22.12                  9.935   67.09   61.11  [1]    
    22.12                  1.825  109.11   77.63  [1]    
    22.12                  3.308  240.47  -79.07  [1]    
    22.12       22.13      2.229  149.02  -54.96  [1]    
    22.12       22.13      2.226  148.72  -54.35  [1]    
    22.12       22.13      2.227  148.88  -54.42  [1]    
    22.13       22.12      2.250  328.77   54.21  [1]    
    22.13       22.12      2.248  328.72   54.25  [1]    
    22.13       22.12      2.249  328.73   54.17  [1]    
    22.13                  0.608  247.09    0.89  [1]    
    22.13                  0.421   84.02   36.68  [1]    
    22.13                  0.601  163.57   72.94  [1]    
    22.13                  2.867  112.92   75.58  [1]    
    22.13                  2.707  234.77  -59.01  [1]    
    22.13       22.14      3.570  181.38  -25.81  [1]    
    22.13       22.14      3.564  181.25  -25.82  [1]    
    22.13       22.14      3.560  181.24  -25.93  [1]    
    22.14       22.13      3.590    1.00   25.55  [1]    
    22.14       22.13      3.585    0.90   25.55  [1]    
    22.14       22.13      3.583    0.93   25.69  [1]    
    22.14                  3.735   88.25   70.09  [1]    
    22.14                  0.791   73.85    5.99  [1]    
    22.14                  1.961  253.80  -75.66  [1]    
    22.14       22.15      4.734  166.39  -10.27  [1]    
    22.14       22.15      4.732  166.35  -10.24  [1]    
    22.14       22.15      4.734  166.22  -10.22  [1]    
    22.15       22.14      4.735  345.11    9.64  [1]    
    22.15       22.14      4.724  345.03    9.66  [1]    
    22.15       22.14      4.735  345.05    9.62  [1]    
    22.15                  0.674  281.93   -0.57  [1]    
    22.15                  2.880   75.50   68.93  [1]    
    22.15                  0.652  349.94   75.49  [1]    
    22.15                  0.234  247.45  -64.19  [1]    
    22.15                  2.007  245.79  -70.33  [1]    
    22.15       22.16      3.804  172.17  -17.86  [1]    
    22.15       22.16      3.806  172.15  -17.97  [1]    
    22.15       22.16      3.803  172.24  -17.95  [1]    
    22.16       22.15      3.833  352.44   17.76  [1]    
    22.16       22.15      3.814  352.32   17.67  [1]    
    22.16       22.15      3.818  352.57   17.59  [1]    
    22.16                  1.603   61.65   73.47  [1]    
    22.16                  0.482  266.64   77.99  [1]    
    22.16                  0.601  260.10    9.09  [1]    
    22.16                  1.971  239.30  -57.84  [1]    
    22.16                  3.063  327.51  -23.34  [1]    
    22.16       22.17      2.800  181.80   -8.03  [1]    
    22.16       22.17      2.810  181.75   -7.78  [1]    
    22.16       22.17      2.816  182.08   -7.90  [1]    
    22.17       22.16      2.822    3.19    7.72  [1]    
    22.17       22.16      2.825    3.27    7.85  [1]    
    22.17       22.16      2.829    3.39    7.82  [1]    
    22.17                  0.850  116.14   86.42  [1]    
    22.17                  0.377  291.63   52.36  [1]    
    22.17                  0.446  278.27   -6.47  [1]    
    22.17                  2.312  241.58  -62.17  [1]    
    22.17       22.18      2.893  197.75   -2.38  [1]    
    22.17       22.18      2.920  197.37   -2.50  [1]    
    22.17       22.18      2.918  197.41   -2.57  [1]    
    22.18       22.17      2.924   16.56    2.27  [1]    
    22.18       22.17      2.917   16.50    2.24  [1]    
    22.18       22.17      2.911   17.12    2.42  [1]    
    22.18                  0.505   85.18   -1.03  [1]    
    22.18                  0.931   56.85   70.35  [1]    
    22.18                  0.276   73.56   59.40  [1]    
    22.18                  1.740  331.57  -80.57  [1]    
    22.18                  1.769  309.89  -79.91  [1]    
    22.18       22.19      1.965  158.74   -7.58  [1]    
    22.18       22.19      1.965  158.68   -7.54  [1]    
    22.18       22.19      1.966  158.86   -7.53  [1]    
    22.19       22.18      1.961  339.37    7.83  [1]    
    22.19       22.18      1.965  339.69    7.87  [1]    
    22.19       22.18      1.962  339.61    7.72  [1]    
    22.19                  0.476  264.08    2.82  [1]    
    22.19                  0.825  307.29   80.47  [1]    
    22.19                  1.564  291.86  -72.80  [1]    
    22.19       22.20      4.674  231.80    8.28  [1]    "22.20=small grey rock embedded in flowstone up by LH wall when looking downstream at bottom of Barnes Loop"
    22.19       22.20      4.670  231.73    8.17  [1]    
    22.19       22.20      4.668  231.81    8.32  [1]    
    22.20       22.19      4.677   51.86   -8.40  [1]    
    22.20       22.19      4.635   51.77   -8.49  [1]    
    22.20       22.19      4.635   51.82   -8.50  [1]    
    22.20                  0.395  158.58    7.99  [1]    
    22.20                  3.284  342.60   -1.70  [1]    
    22.20                  4.048   24.21   71.34  [1]    
    22.20                  2.751  351.61  -49.21  [1]    
    22.20                  2.434  356.22  -54.92  [1]    
    22.20                  3.840   48.15   -5.71  [1]    
    22.20                  2.502   13.93   -7.30  [1]    
    22.20                  4.408   68.52   -5.85  [1]    
    22.20                  2.970   55.72  -10.74  [1]    
    22.20                  2.885   56.62   17.41  [1]    
    22.20                  5.389  347.86   46.60  [1]    
