Swil20160709_WetWayOxbows   (m, 360)

[1]: 2016/01/16     0.00  "DistoX2 2610 - Paul Dold, Ben Kent\rPDA - Footleg"
[2]: 2016/01/16     0.00  "DistoX2 2609 - Paul Dold, Ben Kent\rPDA - Footleg"
[3]: 2016/07/09     0.00  "DistoX2 2609 - Thomas Starnes \rPDA - Footleg \rDog - Paul Wilman"


    10.9        11.0       0.000    0.00    0.00  [1]    
    11.0        11.1       3.417  303.01  -14.12  [2]    
    11.0        11.1       3.413  302.72  -14.25  [2]    
    11.0        11.1       3.412  302.73  -14.36  [2]    
    11.1        11.0       3.427  122.63   14.12  [2]    
    11.1        11.0       3.423  122.45   14.13  [2]    
    11.1        11.0       3.428  122.52   14.16  [2]    
    11.1        11.2       2.502    0.95    2.60  [2]    "11.2=tip of small white calcite lump opposite T junction about 12cm below ceiling "
    11.1        11.2       2.513    1.00    2.68  [2]    
    11.1        11.2       2.508    0.95    2.68  [2]    
    11.2        11.1       2.505  181.10   -3.19  [2]    
    11.2        11.1       2.505  181.14   -3.16  [2]    
    11.2        11.1       2.506  181.20   -3.20  [2]    
    11.2                   0.955  265.69  -13.52  [2]    
    11.2                   1.360  210.83  -12.08  [2]    
    11.2                   1.515  228.69  -62.53  [2]    
    11.2                   0.471  253.20   20.40  [2]    
    11.2        11.3       3.734  230.71  -13.21  [2]    
    11.2        11.3       3.721  230.77  -13.00  [2]    
    11.2        11.3       3.738  230.91  -12.99  [2]    
    11.3        11.2       3.734   50.86   12.77  [2]    
    11.3        11.2       3.721   50.83   12.74  [2]    
    11.3        11.2       3.725   51.04   12.61  [2]    
    11.3                   0.789  144.68    2.54  [2]    
    11.3                   0.403  355.38    6.90  [2]    
    11.3                   0.371  165.21   46.94  [2]    
    11.3                   1.498  249.23  -82.36  [2]    
    11.3        11.4       3.496  257.27  -24.64  [2]    "11.4=tip of white calcite lump closest to edge of climb down"
    11.3        11.4       3.500  257.34  -24.65  [2]    
    11.3        11.4       3.501  257.23  -24.69  [2]    
    11.4        11.3       3.495   76.53   24.70  [2]    
    11.4        11.3       3.485   76.41   24.56  [2]    
    11.4        11.3       3.485   76.35   24.51  [2]    
    11.4                   0.508  190.77    3.65  [2]    
    11.4                   1.044    2.01   21.23  [2]    
    11.4                   0.675  280.72   80.68  [2]    
    11.4                   0.888   14.12  -55.07  [2]    
    11.4        11.5       1.475  281.45  -29.91  [2]    
    11.4        11.5       1.475  281.73  -29.98  [2]    
    11.4        11.5       1.475  281.53  -29.90  [2]    
    11.5        11.4       1.493  101.36   29.10  [2]    
    11.5        11.4       1.450  101.47   29.18  [2]    
    11.5        11.4       1.488  101.35   29.14  [2]    
    11.5                   0.680  182.41   -6.08  [2]    
    11.5                   0.950  226.79   75.81  [2]    
    11.5                   2.887  170.13  -80.90  [2]    
    11.5                   0.773   34.30  -11.65  [2]    
    11.5        11.6       1.551  168.66  -61.50  [2]    
    11.5        11.6       1.553  169.12  -61.66  [2]    
    11.5        11.6       1.553  168.92  -61.66  [2]    
    11.6        11.5       1.572  349.12   62.01  [2]    
    11.6        11.5       1.573  348.97   62.16  [2]    
    11.6        11.5       1.574  349.06   62.19  [2]    
    11.6                   2.365  331.23   82.36  [2]    
    11.6                   0.651    2.73  -14.94  [2]    
    11.6                   1.437  356.96   12.22  [2]    
    11.6                   1.410   32.28  -76.82  [2]    
    11.6        11.7       1.695   21.65    1.07  [2]    
    11.6        11.7       1.695   21.70    1.02  [2]    
    11.6        11.7       1.694   21.75    1.00  [2]    
    11.7        11.6       1.714  200.75   -1.62  [2]    
    11.7        11.6       1.697  200.76   -1.59  [2]    
    11.7        11.6       1.703  200.76   -1.70  [2]    
    11.7                   0.317  266.98   -3.38  [2]    
    11.7                   1.079  266.29  -81.31  [2]    
    11.7                   0.974  280.20   69.32  [2]    
    11.7        11.8       3.576  329.65    6.71  [2]    
    11.7        11.8       3.571  329.64    6.41  [2]    
    11.7        11.8       3.571  329.76    6.44  [2]    
    11.8                   0.818  109.30   74.40  [2]    
    11.8                   0.395   17.03   -2.14  [2]    
    11.8                   0.270  217.83  -22.07  [2]    
    11.8                   0.948  344.76  -82.74  [2]    
    11.8                   0.591  113.82   -9.13  [2]    
    11.8        11.9       6.763   89.41   14.66  [2]    
    11.6                   0.000    0.00    0.00  [2]    
    11.6        11.10      3.740  292.70  -13.99  [2]    
    11.6        11.10      3.734  292.66  -13.80  [2]    
    11.6        11.10      3.736  292.82  -13.74  [2]    
    11.10       11.6       3.708  113.20   13.45  [2]    
    11.10       11.6       3.709  113.10   13.55  [2]    
    11.10       11.6       3.713  113.12   13.52  [2]    
    11.10                  0.469   37.00    4.09  [2]    
    11.10                  2.643   31.43   68.75  [2]    
    11.10                  1.436   36.61  -74.01  [2]    
    11.10       11.11      1.901  326.73   -4.41  [2]    "11.11=top of round white calcite blob in middle of calcite lump on wall."
    11.10       11.11      1.908  326.70   -4.32  [2]    
    11.10       11.11      1.906  326.77   -4.39  [2]    
    11.11       11.10      1.898  146.56    3.28  [2]    
    11.11       11.10      1.914  146.59    3.57  [2]    
    11.11       11.10      1.916  146.38    3.64  [2]    
    11.11                  1.944  252.29   80.15  [2]    
    11.11                  0.731  207.65   30.54  [2]    
    11.11                  0.537   11.25   54.61  [2]    
    11.11                  1.759  219.86  -85.01  [2]    
    11.11       11.12      1.892  288.16   31.82  [2]    
    11.11       11.12      1.890  287.95   31.70  [2]    
    11.11       11.12      1.888  287.86   31.83  [2]    
    11.12       11.11      1.914  107.28  -31.71  [2]    
    11.12       11.11      1.907  107.25  -31.67  [2]    
    11.12       11.11      1.910  107.24  -31.73  [2]    
    11.12                  0.625  196.32   82.11  [2]    
    11.12                  0.673  349.85   27.02  [2]    
    11.12                  3.107  110.74  -63.16  [2]    
    11.12                  2.435  175.17   13.99  [2]    
    11.12                  0.571  168.41    5.35  [2]    
    11.12                  4.060  128.39   23.31  [2]    
    11.12       11.13      1.433  270.31   -1.11  [2]    "11.13=tip of big white calcite stalagmite near roof above wet keyhole"
    11.12       11.13      1.432  270.33   -1.15  [2]    
    11.12       11.13      1.431  270.34   -1.15  [2]    
    11.13       11.12      1.432   91.21    0.90  [2]    
    11.13       11.12      1.426   91.04    0.89  [2]    
    11.13       11.12      1.428   91.10    0.72  [2]    
    11.13                  0.448   32.02    4.24  [2]    
    11.13                  0.129  309.28   83.73  [2]    
    11.13                  4.643  144.16  -86.50  [2]    
    11.13                  1.422  200.63   -0.36  [2]    
    11.13       11.14      2.159  243.46  -13.83  [2]    
    11.13       11.14      2.161  243.40  -13.78  [2]    
    11.13       11.14      2.154  243.34  -13.85  [2]    
    11.14       11.13      2.153   63.70   12.95  [2]    
    11.14       11.13      2.150   63.89   13.02  [2]    
    11.14       11.13      2.150   63.77   13.01  [2]    
    11.14                  0.403  219.67   12.19  [2]    
    11.14                  0.135  299.42   85.22  [2]    
    11.14                  1.837   22.94   -5.19  [2]    
    11.14                  1.737  344.40  -20.01  [2]    
    11.14                  2.845  343.99  -24.29  [2]    
    11.14       11.15      3.834  296.10  -17.19  [2]    
    11.14       11.15      3.857  296.09  -17.02  [2]    
    11.14       11.15      3.848  296.22  -17.13  [2]    
    11.15       11.14      3.845  115.82   16.58  [2]    
    11.15       11.14      3.845  115.69   16.62  [2]    
    11.15       11.14      3.846  115.71   16.56  [2]    
    11.15                  0.941  160.72    2.25  [2]    
    11.15                  0.359  302.57   85.75  [2]    
    11.15                  0.196  115.60  -84.77  [2]    
    11.15                  0.210  327.89    3.70  [2]    
    11.15       11.16      2.139  229.73   -7.17  [2]    "11.16=tippex spot on ceiling knob"
    11.15       11.16      2.152  230.04   -7.37  [2]    
    11.15       11.16      2.150  230.08   -7.44  [2]    
    11.16       11.15      2.186   49.97    8.44  [2]    
    11.16       11.15      2.190   49.78    8.21  [2]    
    11.16       11.15      2.191   49.82    8.32  [2]    
    11.16                  0.401  154.18   11.00  [2]    
    11.16                  1.489  344.13   -9.96  [2]    
    11.16                  0.191  304.20   81.73  [2]    
    11.16                  1.994   91.57  -72.63  [2]    
    11.16       11.17      5.216  145.96  -14.19  [2]    
    11.16       11.17      5.222  145.84  -14.18  [2]    
    11.16       11.17      5.214  145.96  -14.26  [2]    
    11.17       11.16      5.209  325.58   14.28  [2]    
    11.17       11.16      5.205  325.53   14.29  [2]    
    11.17       11.16      5.200  325.51   14.41  [2]    
    11.17                  1.762  249.14   72.10  [2]    
    11.17                  0.359  179.91  -64.68  [2]    
    11.17                  0.309   82.36    6.79  [2]    
    11.17                  1.177  261.91   32.51  [2]    
    11.17       11.18      2.063  192.27   40.04  [2]    
    11.17       11.18      2.061  192.30   40.12  [2]    
    11.17       11.18      2.063  192.37   40.22  [2]    
    11.18       11.17      2.066   13.02  -40.22  [2]    
    11.18       11.17      2.065   13.02  -40.30  [2]    
    11.18       11.17      2.065   12.97  -40.26  [2]    
    11.18                  0.936  264.56    3.70  [2]    
    11.18                  0.796  118.38   17.18  [2]    
    11.18                  0.664  302.69   78.70  [2]    
    11.18                  1.706  116.18  -85.88  [2]    
    11.18                  1.047  111.66   34.94  [2]    
    11.18                  1.331   70.66   30.63  [2]    
    11.18       11.19      2.433   91.42    8.31  [2]    
    11.18       11.19      2.422   91.32    8.27  [2]    
    11.18       11.19      2.421   91.33    8.34  [2]    
    11.19       11.18      2.455  272.45   -8.37  [2]    
    11.19       11.18      2.454  272.29   -8.39  [2]    
    11.19       11.18      2.453  272.50   -8.29  [2]    
    11.19                  0.278  187.15   -0.16  [2]    
    11.19                  1.117  223.57   82.68  [2]    
    11.19                  1.472  130.02  -81.75  [2]    
    11.19       11.20      4.457  101.96   20.06  [2]    
    11.19       11.20      4.458  101.85   20.09  [2]    
    11.19       11.20      4.459  101.83   20.14  [2]    
    11.20       11.19      4.433  282.58  -20.17  [2]    
    11.20       11.19      4.433  282.62  -20.09  [2]    
    11.20       11.19      4.432  282.72  -20.13  [2]    
    11.20                  0.647  219.70   67.37  [2]    
    11.20                  0.439  203.71   -3.01  [2]    
    11.20                  1.751  245.70  -85.36  [2]    
    11.20       11.21      5.768  123.75   13.49  [2]    
    11.20       11.21      5.763  123.68   13.49  [2]    
    11.20       11.21      5.764  123.67   13.43  [2]    
    11.21       11.20      5.733  304.12  -13.39  [2]    
    11.21       11.20      5.742  304.10  -13.23  [2]    
    11.21       11.20      5.749  304.13  -13.55  [2]    
    11.21                  1.154  330.43  -80.40  [2]    
    11.21                  0.699   59.90    2.43  [2]    
    11.21                  0.229  236.02  -38.19  [2]    
    11.21                  0.209   48.96   46.07  [2]    
    11.21       11.22      5.154  129.90    6.81  [2]    "11.22=point on floor ledge underneath pair of bollocks on ceiling "
    11.21       11.22      5.157  129.86    6.83  [2]    
    11.21       11.22      5.160  129.82    6.78  [2]    
    11.22       11.21      5.142  309.20   -6.97  [2]    
    11.22       11.21      5.142  309.30   -6.97  [2]    
    11.22       11.21      5.144  309.25   -7.03  [2]    
    11.22                  0.652   32.99   80.26  [2]    
    11.22                  0.727  216.11   18.12  [2]    
    11.22                  0.647   24.42   16.73  [2]    
    11.22                  0.602   74.21  -76.34  [2]    
    11.22       11.23      5.361  114.79   16.77  [2]    
    11.22       11.23      5.361  114.83   16.84  [2]    
    11.22       11.23      5.361  114.80   16.85  [2]    
    11.23       11.22      5.362  295.06  -16.52  [2]    
    11.23       11.22      5.361  295.11  -16.54  [2]    
    11.23       11.22      5.362  295.14  -16.58  [2]    
    11.23                  0.505   83.78   86.12  [2]    
    11.23                  2.403  183.53   10.46  [2]    
    11.23                  1.231    7.70    9.29  [2]    
    11.23                  1.129   14.57  -47.79  [2]    
    11.23       11.24      2.528   87.01   29.30  [2]    "11.24=tennis ball sized white bollock on ceiling over stream trench"
    11.23       11.24      2.528   86.90   29.22  [2]    
    11.23       11.24      2.526   87.03   29.17  [2]    
    11.24       11.23      2.517  267.91  -29.30  [2]    
    11.24       11.23      2.518  267.96  -29.33  [2]    
    11.24       11.23      2.518  267.90  -29.32  [2]    
    11.24                  3.258  248.37  -19.93  [2]    
    11.24                  2.847  225.68  -18.46  [2]    
    11.24                  2.558  192.08   -6.23  [2]    
    11.24                  3.242  150.86    9.42  [2]    
    11.24                  4.281  118.77   14.68  [2]    
    11.24                  3.168   95.47   15.51  [2]    
    11.24                  0.846   63.96   -3.43  [2]    
    11.24                  1.220  312.13  -21.75  [2]    
    11.24                  1.407  112.75  -85.03  [2]    
    11.24       11.25      3.378  102.24   10.26  [2]    
    11.24       11.25      3.366  102.26   10.39  [2]    
    11.24       11.25      3.367  102.17   10.37  [2]    
    11.25       11.24      3.372  282.51  -10.44  [2]    
    11.25       11.24      3.372  282.51  -10.52  [2]    
    11.25       11.24      3.374  282.70  -10.40  [2]    
    11.25                  0.436  259.68   72.54  [2]    
    11.25                  0.703  303.79  -46.20  [2]    
    11.25                  1.830  194.28    9.04  [2]    
    11.25                  1.235  316.44  -89.18  [2]    
    11.25                  0.218   99.98   26.59  [2]    
    11.25                  7.540   99.18   26.14  [2]    
    11.25                  7.132   99.38   26.48  [2]    
    11.25       11.26      1.403  343.76  -18.51  [2]    
    11.25       11.26      1.405  343.88  -18.44  [2]    
    11.25       11.26      1.407  343.77  -18.47  [2]    
    11.26       11.25      1.425  164.71   18.98  [2]    
    11.26       11.25      1.422  164.71   19.05  [2]    
    11.26       11.25      1.422  164.88   19.02  [2]    
    11.26                  0.210   36.06   78.68  [2]    
    11.26                  0.267   81.90   -2.63  [2]    
    11.26                  0.701  280.34  -87.60  [2]    
    11.26       11.27      4.820  346.90    4.11  [2]    
    11.26       11.27      4.816  347.01    4.20  [2]    
    11.26       11.27      4.819  346.94    4.15  [2]    
    11.27       11.26      4.788  166.40   -3.33  [2]    
    11.27       11.26      4.793  166.44   -3.25  [2]    
    11.27       11.26      4.787  166.61   -3.25  [2]    
    11.27                  0.359   75.43    1.79  [2]    
    11.27                  0.498   13.79   85.93  [2]    
    11.27                  0.599   70.33  -89.53  [2]    
    11.27       11.28      5.085  345.09    5.59  [2]    
    11.27       11.28      5.088  344.98    5.63  [2]    
    11.27       11.28      5.104  344.95    5.53  [2]    
    11.28       11.27      5.090  164.82   -5.49  [2]    
    11.28       11.27      5.098  164.81   -5.42  [2]    
    11.28       11.27      5.109  165.12   -5.36  [2]    
    11.28                  1.964  339.36  -13.59  [2]    
    11.28                  1.210  142.86   -2.73  [2]    
    11.28                  1.412  307.20  -82.23  [2]    
    11.28       11.29      1.721  325.96  -16.24  [2]    
    11.28       11.29      1.724  326.03  -16.32  [2]    
    11.28       11.29      1.724  325.98  -16.31  [2]    
    11.29       11.28      1.708  146.07   17.92  [2]    
    11.29       11.28      1.711  146.32   17.91  [2]    
    11.29       11.28      1.712  146.12   17.98  [2]    
    11.29       11.0       0.000    0.00    0.00  [2]    
    11.16                  0.000    0.00    0.00  [2]    
    11.16       11.30      2.305   20.64  -50.23  [2]    
    11.16       11.30      2.301   20.67  -50.21  [2]    
    11.16       11.30      2.312   20.62  -50.14  [2]    
    11.30       11.16      2.301  201.70   49.72  [2]    
    11.30       11.16      2.301  201.58   49.74  [2]    
    11.30       11.16      2.302  201.60   49.70  [2]    
    11.30                  0.733  106.38   86.14  [2]    
    11.30                  0.437   61.63   21.04  [2]    
    11.30                  0.598  353.04  -55.13  [2]    
    11.30                  0.769  256.37   47.05  [2]    
    11.30       11.31      3.906  331.69   -4.38  [2]    
    11.30       11.31      3.906  331.76   -4.35  [2]    
    11.30       11.31      3.904  331.77   -4.33  [2]    
    11.31       11.30      3.879  152.04    4.05  [2]    
    11.31       11.30      3.879  151.96    4.08  [2]    
    11.31       11.30      3.877  152.09    4.05  [2]    
    11.31                  0.892   23.91   68.14  [2]    
    11.31                  0.361  240.33   51.20  [2]    
    11.31                  0.985   51.09   25.35  [2]    
    11.31                  0.465   74.25  -56.63  [2]    
    11.31       11.32      3.864  331.38  -12.52  [2]    
    11.31       11.32      3.866  331.38  -12.46  [2]    
    11.31       11.32      3.859  331.42  -12.52  [2]    
    11.32       11.31      3.886  151.18   12.76  [2]    
    11.32       11.31      3.885  151.05   12.81  [2]    
    11.32       11.31      3.873  151.16   12.79  [2]    
    11.32                  1.512  251.70   83.96  [2]    
    11.32                  0.902   68.13   -1.12  [2]    
    11.32                  2.702   69.96  -53.16  [2]    
    11.32       11.33      2.605  116.46  -20.62  [2]    "11.33=bottom tip of downward pointing grey roof pendant at stream level"
    11.32       11.33      2.601  116.48  -20.71  [2]    
    11.32       11.33      2.603  116.67  -20.57  [2]    
    11.33       11.32      2.612  296.86   20.57  [2]    
    11.33       11.32      2.605  296.69   20.68  [2]    
    11.33       11.32      2.604  296.68   20.60  [2]    
    11.33                  0.659   43.07    0.56  [2]    
    11.33                  0.489  241.97    0.59  [2]    
    11.33                  3.522   44.24   84.31  [2]    
    11.33                  1.235  256.42  -83.56  [2]    
    11.33       11.34      4.190  281.56   41.54  [2]    "11.34=tip of stumpy stalagmite near ceiling "
    11.33       11.34      4.196  281.60   41.65  [2]    
    11.33       11.34      4.186  281.57   41.57  [2]    
    11.34       11.33      4.168  102.25  -41.21  [2]    
    11.34       11.33      4.169  102.11  -41.18  [2]    
    11.34       11.33      4.170  102.22  -41.18  [2]    
    11.34                  0.752  237.05    1.27  [2]    
    11.34                  0.584   55.26   -2.30  [2]    
    11.34                  0.244  244.85   82.51  [2]    
    11.34                  0.222   69.49  -87.19  [2]    
    11.34                  4.664   61.01  -57.80  [2]    
    11.34       11.35      3.971  327.49   -2.43  [2]    
    11.34       11.35      3.961  327.58   -2.34  [2]    
    11.34       11.35      3.964  327.55   -2.38  [2]    
    11.35       11.34      3.962  147.34    2.32  [2]    
    11.35       11.34      3.962  147.29    2.31  [2]    
    11.35       11.34      3.962  147.25    2.25  [2]    
    11.35                  0.529  136.17   44.37  [2]    
    11.35                  0.556   13.64   40.51  [2]    
    11.35                  1.083  182.10   -0.70  [2]    
    11.35                  0.407  172.51  -29.58  [2]    
    11.35       11.36      3.599  244.98  -15.57  [2]    
    11.35       11.36      3.609  245.04  -15.71  [2]    
    11.35       11.36      3.617  245.05  -15.81  [2]    
    11.36       11.35      3.602   64.69   15.83  [2]    
    11.36       11.35      3.595   64.82   15.91  [2]    
    11.36       11.35      3.591   64.71   15.78  [2]    
    11.36                  1.128  334.63    4.82  [2]    
    11.36                  0.139  291.35   70.26  [2]    
    11.36                  0.412    1.90  -76.96  [2]    
    11.36                  0.239  148.35   -9.53  [2]    
    11.36       11.37      2.304  257.66  -12.56  [2]    "11.37=tip of calcite flake nearest middle of passage next to rope climb up"
    11.36       11.37      2.308  257.61  -12.39  [2]    
    11.36       11.37      2.303  257.37  -12.48  [2]    
    11.37       11.36      2.336   76.76   12.30  [2]    
    11.37       11.36      2.338   76.74   12.35  [2]    
    11.37       11.36      2.331   76.79   12.45  [2]    
    11.37                  1.004  343.00    9.53  [2]    
    11.37                  1.066  163.13    0.50  [2]    
    11.37                  1.243  113.95   87.57  [2]    
    11.37                  0.571  234.62  -85.80  [2]    
    11.37       11.38      1.504  267.97   -9.24  [2]    
    11.37       11.38      1.505  267.99   -9.26  [2]    
    11.37       11.38      1.507  267.97   -9.39  [2]    
    11.38       11.37      1.491   89.29    9.62  [2]    
    11.38       11.37      1.489   89.40    9.76  [2]    
    11.38       11.37      1.490   89.29    9.74  [2]    
    11.38                  1.502  160.05    1.47  [2]    
    11.38                  1.080  153.78  -59.71  [2]    
    11.38                  1.169  345.15   -6.92  [2]    
    11.38                  0.324  152.61   41.20  [2]    
    11.38       11.39      5.775  171.80  -69.33  [2]    
    11.38       11.39      5.772  171.71  -69.44  [2]    
    11.38       11.39      5.767  171.45  -69.41  [2]    
    11.39       11.38      5.805  351.76   69.08  [2]    
    11.39       11.38      5.802  351.85   69.13  [2]    
    11.39       11.38      5.811  351.86   69.07  [2]    
    11.39                  1.164  338.73   -4.44  [2]    
    11.39                  1.317  126.57  -78.77  [2]    
    11.39                  3.907  336.01   78.13  [2]    
    11.39       11.40      2.252   57.47   -4.72  [2]    
    11.39       11.40      2.254   57.94   -4.92  [2]    
    11.39       11.40      2.254   57.93   -4.97  [2]    
    11.40       11.39      2.280  239.18    5.04  [2]    
    11.40       11.39      2.274  239.25    4.95  [2]    
    11.40       11.39      2.273  239.29    4.95  [2]    
    11.40                  0.727  335.46    7.28  [2]    
    11.40                  0.590  166.58    2.75  [2]    
    11.40                  3.599  328.54   80.44  [2]    
    11.40                  0.477  105.74  -87.54  [2]    
    11.40       11.41      6.494  252.79   -4.31  [2]    
    11.40       11.41      6.496  252.76   -4.31  [2]    
    11.40       11.41      6.487  252.77   -4.30  [2]    
    11.41       11.40      6.466   72.38    4.22  [2]    
    11.41       11.40      6.454   72.29    4.27  [2]    
    11.41       11.40      6.458   72.39    4.17  [2]    
    11.41                  1.570  345.04  -79.93  [2]    
    11.41                  0.805  348.93    3.33  [2]    
    11.41                  4.880  358.18   76.12  [2]    
    11.41       11.42      4.334  264.42  -17.15  [2]    
    11.41       11.42      4.339  264.31  -17.12  [2]    
    11.41       11.42      4.337  264.36  -17.17  [2]    
    11.42       11.41      4.323   84.58   16.89  [2]    
    11.42       11.41      4.323   84.59   16.81  [2]    
    11.42       11.41      4.324   84.65   16.86  [2]    
    11.42                  4.573  305.25   77.12  [2]    
    11.42                  1.209  190.33  -52.71  [2]    
    11.42                  0.513  174.48   10.81  [2]    
    11.42                  0.829  332.66   36.55  [2]    
    11.42       11.43      4.557  260.91  -11.09  [2]    "11.43=tip of block with white quartz patch on floor below climb into oxbows"
    11.42       11.43      4.543  260.88  -11.06  [2]    
    11.42       11.43      4.548  260.88  -11.08  [2]    
    11.43       11.42      4.517   80.28   10.55  [2]    
    11.43       11.42      4.516   80.17   10.52  [2]    
    11.43       11.42      4.515   80.23   10.53  [2]    
    11.43                  3.840  359.74   86.91  [2]    
    11.43                  2.280    6.08   40.74  [2]    
    11.43                  1.321  180.14   34.60  [2]    
    11.43                  0.757  339.65  -36.27  [2]    
    11.43       11.44      7.320  308.02   -5.92  [2]    
    11.43       11.44      7.321  308.18   -5.90  [2]    
    11.43       11.44      7.319  308.13   -5.99  [2]    
    11.44       11.43      7.362  128.35    6.13  [2]    
    11.44       11.43      7.363  128.38    6.17  [2]    
    11.44       11.43      7.363  128.35    6.16  [2]    
    11.44        6.11      0.000    0.00    0.00  [2]    
     6.11                  2.484   67.91    5.05  [2]    
     6.11                  4.456  239.79    9.60  [2]    
     6.11                  3.206   97.66   88.65  [2]    
     6.11                  1.309   88.84  -78.33  [2]    
    11.33       14.0       0.000    0.00    0.00  [3]    
    14.0                   5.437  342.39  -15.41  [3]    
    14.0                   4.019  338.47  -16.46  [3]    
    14.0                   2.535  316.14   -5.54  [3]    
    14.0        14.1       2.371  129.63   20.00  [3]    
    14.0        14.1       2.372  129.52   20.03  [3]    
    14.0        14.1       2.371  129.49   20.04  [3]    
    14.1                   0.345  237.88   14.46  [3]    
    14.1                   2.867  252.06   88.01  [3]    
    14.1                   1.281  151.09  -84.85  [3]    
    14.1                   0.228   44.49   -8.29  [3]    
    14.1        14.2       3.304  140.22    8.31  [3]    
    14.1        14.2       3.302  140.32    8.39  [3]    
    14.1        14.2       3.302  140.31    8.32  [3]    
    14.2                   1.706   22.41   81.05  [3]    
    14.2                   0.450   34.97   18.75  [3]    
    14.2                   0.158  211.19   18.58  [3]    
    14.2                   1.318  155.58  -87.93  [3]    
    14.2        14.3       4.792  122.62   16.03  [3]    
    14.2        14.3       4.782  122.63   16.01  [3]    
    14.2        14.3       4.783  122.54   16.08  [3]    
    14.3                   3.188  179.42   81.38  [3]    
    14.3                   1.206  212.33   -1.73  [3]    
    14.3                   1.645  162.27  -81.39  [3]    
    14.3                   0.161   47.23  -13.99  [3]    
    14.3                   0.490  271.91  -17.39  [3]    
    14.3        14.4       1.342  150.23   -8.50  [3]    
    14.3        14.4       1.343  150.33   -8.47  [3]    
    14.3        14.4       1.343  150.20   -8.59  [3]    
    14.4                   0.661    7.50   10.60  [3]    
    14.4                   0.802   41.81    9.63  [3]    
    14.4                   1.595   40.29   56.31  [3]    
    14.4                   3.617  346.07   75.17  [3]    
    14.4                   1.455  333.13  -85.78  [3]    
    14.4        14.5       1.928   36.67   25.96  [3]    
    14.4        14.5       1.930   36.62   25.97  [3]    
    14.4        14.5       1.932   36.74   25.93  [3]    
    14.5                   0.823  184.32    4.76  [3]    
    14.5                   0.605   97.55  -85.23  [3]    
    14.5                   3.049  182.64   86.62  [3]    
    14.5        14.6       2.086  118.81   40.41  [3]    "14.6=11.11"
    14.5        14.6       2.082  118.86   40.39  [3]    
    14.5        14.6       2.084  118.88   40.43  [3]    
    14.6                   0.461   14.69   38.91  [3]    
    14.6                   1.956  274.47   80.39  [3]    
    14.6                   0.316  214.11    6.72  [3]    
    14.6                   1.592  170.10  -78.89  [3]    
