Swil20160709_WaterChamber   (m, 360)

[1]: 2016/07/09     0.00  "DistoX2 2609 - Footleg\rPDA - Thomas Starnes\rDog - Paul Wilman"


     1.0                   0.000    0.00    0.00         
     8.0        13.0       0.000    0.00    0.00  [1]    
    13.0                   4.683    9.59    3.37  [1]    
    13.0                   3.235   29.21    0.76  [1]    
    13.0                   4.099  119.75   15.77  [1]    
    13.0                   6.403  144.55   17.37  [1]    
    13.0                   4.974  194.43   22.17  [1]    
    13.0                   5.902  161.95   20.06  [1]    
    13.0                   4.015  195.99   21.41  [1]    
    13.0                   3.468  201.91   21.42  [1]    
    13.0                   5.138  247.08    9.42  [1]    
    13.0                   3.726  287.50    8.97  [1]    
    13.0                   6.004  329.94    8.45  [1]    
    13.0                   5.392  345.97    9.34  [1]    
    13.0                   6.677   12.23    1.84  [1]    
    13.0                   7.227   22.82    0.20  [1]    
    13.0                   1.418  257.65  -32.17  [1]    
    13.0                   0.927  141.90  -16.78  [1]    
    13.0                   0.762  352.36  -17.15  [1]    
    13.0                   3.773  271.54   -8.39  [1]    
    13.0                   3.225  323.38  -12.64  [1]    
    13.0                   2.651  294.51  -21.91  [1]    
    13.0                   3.076  312.64   83.73  [1]    
    13.0                   0.892   65.92  -86.63  [1]    
    13.0                   2.809   51.98  -47.11  [1]    
    13.0        13.1       5.296  344.28    2.33  [1]    "13.0 = 8.0 tip of boulder in middle of  water chamber"
    13.0        13.1       5.298  344.24    2.39  [1]    
    13.0        13.1       5.300  344.19    2.44  [1]    
    13.1        13.0       5.286  164.14   -2.33  [1]    
    13.1        13.0       5.308  164.15   -2.27  [1]    
    13.1        13.0       5.314  164.12   -2.26  [1]    
    13.1                   0.258   59.89    8.77  [1]    
    13.1                   1.544  276.73    6.59  [1]    
    13.1                   2.819  274.80   82.79  [1]    
    13.1                   1.289  298.79  -65.14  [1]    
    13.1                   3.882  220.11  -70.41  [1]    
    13.1        13.2       3.482  307.49   30.48  [1]    
    13.1        13.2       3.486  307.53   30.54  [1]    
    13.1        13.2       3.486  307.55   30.51  [1]    
    13.2        13.1       3.471  127.89  -31.22  [1]    
    13.2        13.1       3.471  127.84  -31.21  [1]    
    13.2        13.1       3.472  127.86  -31.22  [1]    
    13.2                   0.857   45.64    7.67  [1]    
    13.2                   0.808   69.23   50.46  [1]    
    13.2                   1.939   75.29  -82.11  [1]    
    13.2        13.3       3.391  347.85    5.28  [1]    
    13.2        13.3       3.392  347.77    5.28  [1]    
    13.2        13.3       3.391  347.92    5.28  [1]    
    13.3        13.2       3.392  168.02   -5.09  [1]    
    13.3        13.2       3.390  168.12   -5.07  [1]    
    13.3        13.2       3.391  167.88   -5.09  [1]    
    13.3                   0.232   63.14   24.15  [1]    
    13.3                   0.177  237.77   75.68  [1]    
    13.3                   0.826  223.83  -18.70  [1]    
    13.3                   1.310  232.02  -68.79  [1]    
    13.3        13.4       3.774  305.72  -11.77  [1]    
    13.3        13.4       3.773  305.72  -11.81  [1]    
    13.3        13.4       3.776  305.72  -11.83  [1]    
    13.4        13.3       3.781  125.83   11.69  [1]    
    13.4        13.3       3.781  125.88   11.75  [1]    
    13.4        13.3       3.781  125.84   11.72  [1]    
    13.4                   0.594   69.83   19.41  [1]    
    13.4                   0.332   63.33  -71.92  [1]    
    13.4                   0.426   47.51   59.41  [1]    
    13.4                   0.159  255.01   25.10  [1]    
    13.4        13.5       2.338  354.43   -3.99  [1]    "13.5 = small white calcite blob on right hand wall"
    13.4        13.5       2.339  354.42   -3.99  [1]    
    13.4        13.5       2.338  354.47   -3.99  [1]    
    13.5        13.4       2.328  174.38    3.09  [1]    
    13.5        13.4       2.326  174.36    3.18  [1]    
    13.5        13.4       2.329  174.33    3.09  [1]    
    13.5                   0.441  188.81   83.22  [1]    
    13.5                   0.440  240.68    9.32  [1]    
    13.5                   0.778  244.22  -68.40  [1]    
    13.5        13.6       2.286  300.50   -2.75  [1]    
    13.5        13.6       2.280  300.25   -2.81  [1]    
    13.5        13.6       2.282  300.28   -2.79  [1]    
    13.6                   0.239   52.28   -4.84  [1]    
    13.6                   0.374  105.36   56.02  [1]    
    13.6                   0.139  220.92   25.87  [1]    
    13.6                   0.316  112.02  -70.22  [1]    
    13.0                   0.000    0.00    0.00  [1]    
    13.0        13.7       4.816  190.62   26.95  [1]    
    13.0        13.7       4.818  190.64   26.97  [1]    
    13.0        13.7       4.820  190.64   26.93  [1]    
    13.7        13.0       4.816   10.50  -27.26  [1]    
    13.7        13.0       4.805   10.42  -27.35  [1]    
    13.7        13.0       4.817   10.51  -27.32  [1]    
    13.7                   0.846  323.03  -15.34  [1]    
    13.7                   0.815  304.66  -61.10  [1]    
    13.7                   0.162  332.44   31.51  [1]    
    13.7                   0.272  179.81  -11.39  [1]    
    13.7        13.8       1.256  270.28  -13.06  [1]    
    13.7        13.8       1.250  270.31  -12.92  [1]    
    13.7        13.8       1.280  270.31  -12.99  [1]    
    13.8                   0.160  165.98   81.44  [1]    
    13.8                   0.258  174.35  -66.71  [1]    
    13.8                   0.601  175.90   -5.08  [1]    
    13.8                   1.972  185.70    8.00  [1]    
    13.8                   0.510   25.56    0.73  [1]    
    13.8        13.9       1.974  302.83   -8.66  [1]    
    13.8        13.9       1.972  302.94   -8.61  [1]    
    13.8        13.9       1.972  302.92   -8.68  [1]    
    13.9        13.8       1.942  122.18    8.76  [1]    
    13.9        13.8       1.943  122.09    8.72  [1]    
    13.9        13.8       1.942  122.13    8.69  [1]    
    13.9                   0.142  232.90   74.08  [1]    
    13.9                   0.191   21.75   24.31  [1]    
    13.9                   0.217   37.65  -77.53  [1]    
    13.9                   0.568  205.78  -13.10  [1]    
    13.9                   1.397  198.19    2.88  [1]    
    13.9                   0.583  209.68    2.75  [1]    
    13.9        13.10      4.256  286.22  -15.69  [1]    
    13.9        13.10      4.257  286.18  -15.70  [1]    
    13.9        13.10      4.266  286.21  -15.66  [1]    
    13.10                  2.161  107.58   10.83  [1]    
    13.10                  1.664  131.23    6.54  [1]    
    13.10                  2.106  150.95    5.13  [1]    
    13.10                  0.504  165.15   -0.62  [1]    
    13.10                  0.588   96.13    9.51  [1]    
    13.10                  0.473  147.36  -82.68  [1]    
    13.10       13.11      1.719  319.32  -20.82  [1]    
    13.10       13.11      1.721  319.26  -20.89  [1]    
    13.10       13.11      1.715  319.30  -20.85  [1]    
    13.11                  1.205  110.76   31.18  [1]    
    13.11                  0.534  295.52   17.94  [1]    
    13.11                  0.352  259.70   85.65  [1]    
    13.11                  1.078  240.03   -5.99  [1]    
    13.11                  1.124  201.62   -2.32  [1]    
    13.11       13.12      3.203  234.68  -11.37  [1]    
    13.11       13.12      3.202  234.71  -11.39  [1]    
    13.11       13.12      3.203  234.70  -11.40  [1]    
    13.12       13.11      3.225   54.65   11.64  [1]    
    13.12       13.11      3.233   54.68   11.75  [1]    
    13.12       13.11      3.227   54.65   11.69  [1]    
    13.12                  0.315  325.85   79.40  [1]    
    13.12                  0.897  345.25    2.85  [1]    
    13.12                  0.425   78.28  -87.32  [1]    
    13.12                  0.202  167.94    4.66  [1]    
    13.12       13.13      5.513  274.17  -19.04  [1]    
    13.12       13.13      5.493  274.29  -18.92  [1]    
    13.12       13.13      5.502  274.16  -18.86  [1]    
    13.13       13.12      5.487   94.70   18.45  [1]    
    13.13       13.12      5.485   94.65   18.53  [1]    
    13.13       13.12      5.487   94.67   18.59  [1]    
    13.13                  1.073   22.37    3.07  [1]    
    13.13                  0.244  279.18   88.70  [1]    
    13.13       13.14      3.378  319.71  -12.69  [1]    
    13.13       13.14      3.375  319.72  -12.69  [1]    
    13.13       13.14      3.376  319.84  -12.63  [1]    
    13.14       13.13      3.388  139.55   12.94  [1]    
    13.14       13.13      3.391  139.57   12.99  [1]    
    13.14       13.13      3.391  139.44   12.97  [1]    
    13.14                  0.333  232.26   65.75  [1]    
    13.14                  0.211   33.21   26.93  [1]    
    13.14                  0.773  224.55    0.46  [1]    
    13.14                  0.599  225.13  -78.86  [1]    
    13.14       13.15      3.076  261.78  -11.66  [1]    "13.15=downward pointing rock spike over middle of muddy pool of water with digging trays floating in it."
    13.14       13.15      3.045  261.69  -11.55  [1]    
    13.14       13.15      3.092  261.72  -11.65  [1]    
    13.15                  1.269  335.74   -6.92  [1]    
    13.15                  1.175  295.83   -9.74  [1]    
    13.15                  0.558  225.73    2.52  [1]    
    13.15                  1.138  201.35   12.56  [1]    
    13.15                  0.804  165.75   21.09  [1]    
    13.15                  0.253    2.46  -83.71  [1]    
    13.15                  0.268  215.64   45.97  [1]    
    13.15                  0.715   40.04    1.40  [1]    
    13.11                  0.000    0.00    0.00  [1]    
    13.11       13.16      1.705   17.90   13.41  [1]    
    13.11       13.16      1.713   17.87   13.45  [1]    
    13.11       13.16      1.705   17.89   13.51  [1]    
    13.16                  0.339  327.34   80.18  [1]    
    13.16                  8.190   13.96  -82.38  [1]    
    13.16                  2.299  307.56   -8.86  [1]    
    13.16                  1.444   18.39   10.17  [1]    
    13.16                  1.090  236.32  -12.63  [1]    
    13.16                  9.273  287.87  -75.45  [1]    
    13.16                  8.999  316.26  -77.70  [1]    
    13.16                  3.004   77.07   15.49  [1]    
    13.16       13.17      8.208   95.47   -1.63  [1]    
    13.16       13.17      8.198   95.46   -1.69  [1]    
    13.16       13.17      8.181   95.52   -1.67  [1]    
    13.0        13.17      0.000    0.00    0.00  [1]    
    13.17       13.18      7.566  127.15    6.10  [1]    
    13.17       13.18      7.568  127.21    6.09  [1]    
    13.17       13.18      7.570  127.23    6.11  [1]    
    13.18       13.17      7.561  307.12   -6.25  [1]    
    13.18       13.17      7.549  307.13   -6.26  [1]    
    13.18       13.17      7.550  307.13   -6.26  [1]    
    13.18                  0.961   11.94   11.10  [1]    
    13.18                  3.972    1.86   84.98  [1]    
    13.18                  0.709  191.02   18.31  [1]    
    13.18                  0.406   61.52  -84.38  [1]    
    13.18       13.19      4.091  126.05   74.90  [1]    
    13.18       13.19      4.072  126.09   74.89  [1]    
    13.18       13.19      4.052  126.30   74.95  [1]    
    13.19                  4.088  126.21   74.87  [1]    
    13.19                  1.129   81.20   -3.77  [1]    
    13.19                  2.265  257.96  -28.10  [1]    
    13.19                  0.620  113.76  -79.04  [1]    
    13.19       13.20      1.161  186.13  -18.67  [1]    "13.20=tip of grey rock fin at start of lower oxbow crawl"
    13.19       13.20      1.162  186.09  -18.69  [1]    
    13.19       13.20      1.162  186.17  -18.47  [1]    
    13.20                  0.420  227.59  -10.09  [1]    
    13.20                  1.801   60.99   15.78  [1]    
    13.20                  0.672   60.49   51.67  [1]    
    13.20                  0.556   97.48  -54.06  [1]    
    13.18                  0.000    0.00    0.00  [1]    
    13.18       13.21      4.319   78.70   10.72  [1]    
    13.18       13.21      4.323   78.68   10.73  [1]    
    13.18       13.21      4.322   78.63   10.70  [1]    
    13.21                  0.706  350.95   13.55  [1]    
    13.21                  4.506  329.05   82.30  [1]    
    13.21                  0.551  181.33    5.65  [1]    
    13.21                  1.276  113.10  -82.19  [1]    
    13.21       13.22      7.583   76.70   13.17  [1]    
    13.21       13.22      7.584   76.67   13.19  [1]    
    13.21       13.22      7.587   76.67   13.19  [1]    
    13.22                  0.825  171.82    3.49  [1]    
    13.22                  5.079  296.83   72.47  [1]    
    13.22                  1.877   86.90  -63.42  [1]    
    13.22       13.23      3.962   83.83   -2.18  [1]    
    13.22       13.23      3.966   83.73   -2.12  [1]    
    13.22       13.23      3.971   83.81   -2.14  [1]    
    13.23                  4.657  331.11   72.72  [1]    
    13.23                  1.747  350.19   28.00  [1]    
    13.23                  0.593  353.71   10.89  [1]    
    13.23                  0.485  352.32  -80.79  [1]    
    13.23       13.24      2.442   66.25    2.64  [1]    
    13.23       13.24      2.441   66.29    2.71  [1]    
    13.23       13.24      2.441   66.26    2.70  [1]    
    13.24                  0.537  327.34    1.59  [1]    
    13.24                  2.205  338.76   81.84  [1]    
    13.24                  0.581  230.09  -88.96  [1]    
    13.24       13.25      3.775   58.65   37.13  [1]    
    13.24       13.25      3.778   58.61   37.11  [1]    
    13.24       13.25      3.774   58.65   37.19  [1]    
    13.25                  0.588  183.21    5.92  [1]    
    13.25                  2.286  161.50   86.37  [1]    
    13.25                  1.741  215.54  -88.07  [1]    
    13.25                  1.257    3.50   11.37  [1]    
    13.25                  3.076  236.51  -37.41  [1]    
    13.25                  2.511  244.68  -40.76  [1]    
    13.25                  1.353   86.94   10.44  [1]    
    13.25                  1.771   60.95   17.41  [1]    
    13.25       13.26      3.388   71.38   16.60  [1]    
    13.25       13.26      3.398   71.39   16.62  [1]    
    13.25       13.26      3.390   71.37   16.67  [1]    
    13.26                  0.316  195.99   61.57  [1]    
    13.26                  0.989  221.76   19.09  [1]    
    13.26                  0.337  238.65  -72.13  [1]    
    13.26                  1.233  225.56   44.27  [1]    
    13.26       13.27      4.862  164.11   17.67  [1]    "13.27=11.33"
    13.26       13.27      4.861  164.06   17.75  [1]    
    13.26       13.27      4.869  164.02   17.80  [1]    
    13.27                  0.710   52.75   10.91  [1]    
    13.27                  3.512   29.48   85.00  [1]    
    13.27                  3.473  229.10   51.65  [1]    
    13.27                  0.540  235.74    5.33  [1]    
    13.27                  1.298  140.99  -80.47  [1]    
