TRIP
DATE 2016-07-09 
DECLINATION     0.00
DATA
12.27	15.0	0.00	0.00	0.000	>
15.0		261.70	54.60	0.335	>
15.0		117.51	-82.26	1.205	>
15.0		201.99	-17.16	2.058	>
15.0		297.58	-12.57	2.156	>
15.0	15.1	244.78	11.36	2.595	>
15.1		342.95	21.06	0.899	>
15.1		145.95	10.38	1.582	>
15.1		65.80	-54.65	2.209	>
15.1		263.02	65.82	1.808	>
15.1	15.2	355.70	81.16	1.391	>
15.2		244.17	9.96	1.312	>
15.2		164.05	85.10	0.512	>
15.2		315.71	-79.51	1.258	>
15.2	15.3	319.68	-4.66	1.871	>
15.3		199.02	5.39	0.373	>
15.3		181.91	80.71	0.744	>
15.3		270.00	-89.81	0.299	>
15.3		29.62	-2.16	0.344	>
15.3	15.4	295.61	35.48	1.151	>
15.4		80.82	72.32	0.433	>
15.4		72.54	-2.42	0.260	>
15.4		352.23	-83.96	0.211	>
15.4	15.5	28.22	-4.76	0.590	>
15.5		258.62	-3.88	0.325	>
15.5		247.99	64.44	0.235	>
15.5		271.79	-63.18	0.213	>
15.5	15.6	319.24	-0.30	1.156	>
15.2	15.7	169.16	-40.20	1.748	<
15.7		114.56	-12.24	0.953	<
15.7		225.78	51.86	3.359	<
15.7		117.24	-56.00	1.293	<
15.7	15.8	192.37	34.74	2.585	<
15.8		240.36	65.52	2.255	<
15.8		22.54	82.30	1.188	<
15.8		75.24	10.90	0.508	<
15.8		50.65	-76.00	1.128	<
15.8	15.9	183.40	49.73	3.649	<
15.9		65.56	4.06	0.170	<
15.9		241.09	74.14	2.838	<
15.9		261.25	2.33	0.369	<
15.9		118.49	-76.81	0.992	<
15.9	15.10	191.39	52.04	7.206	<
15.10		85.05	-20.18	0.481	<
15.10		325.74	76.42	1.906	<
15.10		266.10	-10.62	0.494	<
15.10		138.97	-73.34	0.818	<
15.10	15.11	334.78	64.78	1.520	<
15.11		89.51	10.28	1.188	<
15.11		123.17	17.49	1.916	<
15.11		179.20	50.92	0.795	<
15.11		206.06	-80.91	0.965	<
15.11		255.43	4.04	1.391	<
15.11		233.32	1.77	1.717	<
15.11		248.44	-6.75	2.789	<
15.11		303.20	-44.64	0.904	<
15.11		0.91	-37.62	1.035	<
15.11	15.12	335.63	-43.88	1.069	>
15.12		228.51	14.71	0.346	>
15.12		41.90	19.50	0.264	>
15.12		142.49	65.85	0.835	>
15.12	15.13	317.61	45.29	1.722	>
15.13		62.11	7.68	0.255	>
15.13		54.76	82.69	1.049	>
15.13		221.34	4.33	0.278	>
15.13		156.13	-68.99	0.903	>
15.13	15.14	359.48	54.06	1.307	>
15.14		230.13	8.00	0.359	>
15.14		206.57	68.90	0.273	>
15.14		282.70	-63.35	0.162	>
15.14	15.15	291.45	36.09	0.944	>
15.15		133.64	77.48	1.103	>
15.15		145.15	17.56	0.547	>
15.15		6.78	13.00	0.382	>
15.15		261.65	-72.85	0.374	>
15.15	15.16	37.97	4.15	0.429	>
15.16		156.34	1.75	0.229	>
15.16		252.94	79.61	0.586	>
15.16		124.90	-70.61	0.158	>
15.16	15.17	76.87	52.00	2.238	>
15.10	15.18	8.70	-37.09	1.020	<
15.18		18.86	-31.76	1.201	<
15.18		147.84	0.44	0.395	<
15.18		115.71	-86.60	1.011	<
15.18		217.43	76.89	0.450	<
15.18	15.19	96.27	9.10	1.807	<
15.19		62.30	-82.65	0.353	<
15.19		215.21	23.63	0.377	<
15.19		266.59	59.79	0.334	<
15.19		4.97	-20.92	0.420	<
15.19	15.20	66.37	-1.10	1.659	<
15.20		198.57	8.24	0.942	<
15.20		213.75	34.81	0.340	<
15.20		149.53	-82.22	0.437	<
15.20	15.21	122.20	-28.55	2.027	<
15.21		347.34	-3.39	0.558	<
15.21		47.23	71.36	0.341	<
15.21		166.63	27.05	0.325	<
15.21		305.74	-55.95	0.636	<
15.21	15.22	25.44	-40.48	0.927	<
15.22		181.14	5.66	0.355	<
15.22		151.42	70.76	0.501	<
15.22		261.35	-79.68	0.519	<
15.22	15.23	125.79	-23.02	1.215	<
15.23		34.60	28.24	1.321	<
15.23		62.39	38.96	1.229	<
15.23		335.50	-0.49	0.584	<
15.23		94.20	43.28	1.087	<
15.23		152.21	44.96	0.918	<
15.23		241.29	8.21	0.917	<
15.23		278.91	1.53	1.201	<
15.23		268.29	-39.46	1.131	<
15.23		290.22	-28.35	1.259	<
15.7	15.24	257.41	67.31	3.402	>
15.24		2.94	-11.90	0.538	>
15.24		13.80	50.65	0.469	>
15.24		250.31	-71.49	0.907	>
15.24		199.35	-51.89	0.289	>
15.24	15.25	288.06	37.63	2.122	>
15.25		142.62	50.01	0.282	>
15.25		169.02	27.47	1.704	>
15.25		348.69	-85.47	0.387	>
15.25		126.53	15.52	0.628	>
15.25		140.19	-18.46	1.301	>
15.25	15.26	187.86	47.08	2.458	>
15.26		85.26	-39.55	0.471	>
15.26		292.75	-41.54	0.629	>
15.26		169.80	-56.58	0.277	>
15.26	15.27	150.31	12.80	2.252	>
15.27		37.78	-23.35	0.343	>
15.27		16.75	40.56	0.155	>
15.27		242.20	9.92	0.401	>
15.27		254.05	-75.55	0.350	>

PLAN
STATIONS
-36.583	-0.500	15.0
-38.885	-1.584	15.1
-38.901	-1.371	15.2
-40.108	0.051	15.3
-40.953	0.456	15.4
-40.675	0.974	15.5
-41.430	1.850	15.6
-38.650	-2.682	15.7
-39.105	-4.757	15.8
-39.245	-7.111	15.9
-40.120	-11.456	15.10
-40.396	-10.870	15.11
-40.714	-10.168	15.12
-41.531	-9.273	15.13
-41.538	-8.506	15.14
-42.248	-8.227	15.15
-41.985	-7.890	15.16
-40.643	-7.577	15.17
-39.997	-10.652	15.18
-38.223	-10.847	15.19
-36.703	-10.182	15.20
-35.196	-11.131	15.21
-34.893	-10.494	15.22
-33.986	-11.148	15.23
-39.931	-2.968	15.24
-41.529	-2.447	15.25
-41.758	-4.105	15.26
-40.670	-6.013	15.27
SHOTS
-41.758	-4.105	-40.670	-6.013
-40.670	-6.013	-40.477	-5.764
-40.670	-6.013	-40.636	-5.900
-40.670	-6.013	-41.019	-6.197
-40.670	-6.013	-40.754	-6.037
-41.529	-2.447	-41.758	-4.105
-41.758	-4.105	-41.396	-4.075
-41.758	-4.105	-42.192	-3.923
-41.758	-4.105	-41.731	-4.255
-39.931	-2.968	-41.529	-2.447
-41.529	-2.447	-41.419	-2.591
-41.529	-2.447	-41.241	-3.931
-41.529	-2.447	-41.535	-2.417
-41.529	-2.447	-41.043	-2.807
-41.529	-2.447	-40.739	-3.395
-38.650	-2.682	-39.931	-2.968
-39.931	-2.968	-39.904	-2.442
-39.931	-2.968	-39.860	-2.679
-39.931	-2.968	-40.202	-3.065
-39.931	-2.968	-39.990	-3.136
-34.893	-10.494	-33.986	-11.148
-33.986	-11.148	-33.325	-10.190
-33.986	-11.148	-33.139	-10.705
-33.986	-11.148	-34.228	-10.617
-33.986	-11.148	-33.197	-11.206
-33.986	-11.148	-33.683	-11.723
-33.986	-11.148	-34.782	-11.584
-33.986	-11.148	-35.172	-10.962
-33.986	-11.148	-34.859	-11.174
-33.986	-11.148	-35.026	-10.765
-35.196	-11.131	-34.893	-10.494
-34.893	-10.494	-34.900	-10.847
-34.893	-10.494	-34.814	-10.639
-34.893	-10.494	-34.985	-10.508
-36.703	-10.182	-35.196	-11.131
-35.196	-11.131	-35.318	-10.588
-35.196	-11.131	-35.116	-11.057
-35.196	-11.131	-35.129	-11.413
-35.196	-11.131	-35.485	-10.923
-38.223	-10.847	-36.703	-10.182
-36.703	-10.182	-37.000	-11.066
-36.703	-10.182	-36.858	-10.414
-36.703	-10.182	-36.673	-10.233
-39.997	-10.652	-38.223	-10.847
-38.223	-10.847	-38.183	-10.826
-38.223	-10.847	-38.422	-11.129
-38.223	-10.847	-38.391	-10.857
-38.223	-10.847	-38.189	-10.456
-40.120	-11.456	-39.997	-10.652
-39.997	-10.652	-39.667	-9.686
-39.997	-10.652	-39.787	-10.986
-39.997	-10.652	-39.943	-10.678
-39.997	-10.652	-40.059	-10.733
-41.985	-7.890	-40.643	-7.577
-42.248	-8.227	-41.985	-7.890
-41.985	-7.890	-41.893	-8.100
-41.985	-7.890	-42.086	-7.921
-41.985	-7.890	-41.942	-7.920
-41.538	-8.506	-42.248	-8.227
-42.248	-8.227	-42.075	-8.392
-42.248	-8.227	-41.950	-8.655
-42.248	-8.227	-42.204	-7.857
-42.248	-8.227	-42.357	-8.243
-41.531	-9.273	-41.538	-8.506
-41.538	-8.506	-41.811	-8.734
-41.538	-8.506	-41.582	-8.594
-41.538	-8.506	-41.609	-8.490
-40.714	-10.168	-41.531	-9.273
-41.531	-9.273	-41.308	-9.155
-41.531	-9.273	-41.422	-9.196
-41.531	-9.273	-41.714	-9.481
-41.531	-9.273	-41.400	-9.569
-40.396	-10.870	-40.714	-10.168
-40.714	-10.168	-40.965	-10.390
-40.714	-10.168	-40.548	-9.983
-40.714	-10.168	-40.506	-10.439
-40.120	-11.456	-40.396	-10.870
-40.396	-10.870	-39.227	-10.860
-40.396	-10.870	-38.866	-11.870
-40.396	-10.870	-40.389	-11.371
-40.396	-10.870	-40.463	-11.007
-40.396	-10.870	-41.739	-11.219
-40.396	-10.870	-41.772	-11.895
-40.396	-10.870	-42.972	-11.888
-40.396	-10.870	-40.934	-10.518
-40.396	-10.870	-40.383	-10.050
-39.245	-7.111	-40.120	-11.456
-40.120	-11.456	-39.670	-11.417
-40.120	-11.456	-40.372	-11.086
-40.120	-11.456	-40.604	-11.489
-40.120	-11.456	-39.966	-11.633
-39.105	-4.757	-39.245	-7.111
-39.245	-7.111	-39.091	-7.041
-39.245	-7.111	-39.924	-7.486
-39.245	-7.111	-39.609	-7.167
-39.245	-7.111	-39.046	-7.219
-38.650	-2.682	-39.105	-4.757
-39.105	-4.757	-39.917	-5.219
-39.105	-4.757	-39.044	-4.610
-39.105	-4.757	-38.623	-4.630
-39.105	-4.757	-38.894	-4.584
-38.901	-1.371	-38.650	-2.682
-38.650	-2.682	-37.803	-3.069
-38.650	-2.682	-40.137	-4.129
-38.650	-2.682	-38.007	-3.013
-40.675	0.974	-41.430	1.850
-40.953	0.456	-40.675	0.974
-40.675	0.974	-40.993	0.910
-40.675	0.974	-40.769	0.936
-40.675	0.974	-40.771	0.977
-40.108	0.051	-40.953	0.456
-40.953	0.456	-40.823	0.477
-40.953	0.456	-40.705	0.534
-40.953	0.456	-40.956	0.478
-38.901	-1.371	-40.108	0.051
-40.108	0.051	-40.229	-0.300
-40.108	0.051	-40.112	-0.069
-40.108	0.051	-40.109	0.051
-40.108	0.051	-39.938	0.350
-38.885	-1.584	-38.901	-1.371
-38.901	-1.371	-40.064	-1.934
-38.901	-1.371	-38.889	-1.413
-38.901	-1.371	-39.061	-1.207
-36.583	-0.500	-38.885	-1.584
-38.885	-1.584	-39.131	-0.782
-38.885	-1.584	-38.014	-2.873
-38.885	-1.584	-37.719	-1.060
-38.885	-1.584	-39.620	-1.674
-36.583	-0.500	-36.583	-0.500
-36.583	-0.500	-36.775	-0.528
-36.583	-0.500	-36.439	-0.575
-36.583	-0.500	-37.319	-2.323
-36.583	-0.500	-38.448	0.474
POLYLINE BLACK
-41.910	-3.874
-41.730	-3.684
-41.640	-3.554
-41.620	-3.504
-41.550	-3.414
-41.480	-3.324
-41.460	-3.304
-41.520	-3.434
-41.590	-3.584
-41.600	-3.624
-41.690	-3.804
-41.710	-3.884
-41.730	-3.954
-41.790	-3.914
-41.830	-3.904
-41.890	-3.874
POLYLINE GREEN
-42.190	-4.764
-42.150	-4.774
-42.090	-4.804
-42.080	-4.844
-42.080	-4.874
-42.100	-4.934
POLYLINE GREEN
-42.320	-4.514
-42.300	-4.494
-42.220	-4.494
-42.180	-4.534
-42.180	-4.584
-42.200	-4.624
POLYLINE GREEN
-42.220	-4.064
-42.220	-4.104
-42.250	-4.164
-42.250	-4.184
-42.300	-4.264
-42.380	-4.474
-42.380	-4.524
-42.390	-4.594
-42.390	-4.644
-42.320	-4.804
-42.310	-4.844
-42.240	-4.984
-42.150	-5.034
-42.130	-5.024
-42.080	-5.044
-42.060	-5.064
-41.970	-5.084
-41.950	-5.074
POLYLINE GREEN
-41.740	-4.594
-41.640	-4.594
-41.570	-4.604
-41.570	-4.634
-41.620	-4.714
POLYLINE GREEN
-41.890	-4.384
-41.840	-4.384
-41.770	-4.364
-41.750	-4.374
-41.750	-4.404
-41.740	-4.444
-41.750	-4.504
POLYLINE GREEN
-42.030	-4.624
-41.990	-4.624
-41.950	-4.614
-41.920	-4.644
-41.910	-4.694
-41.930	-4.764
-42.010	-4.834
POLYLINE GREEN
-42.140	-4.334
-42.050	-4.314
-42.020	-4.414
POLYLINE GREEN
-41.400	-4.214
-41.390	-4.254
-41.340	-4.364
-41.350	-4.524
-41.460	-4.794
-41.520	-4.844
-41.550	-4.894
-41.740	-4.994
-41.780	-5.004
-41.850	-5.024
-41.870	-5.014
POLYLINE BLACK
-42.180	-3.994
-42.120	-3.894
POLYLINE BLACK
-42.180	-3.984
-42.190	-4.224
-42.180	-4.264
-42.170	-4.364
-42.160	-4.404
-42.110	-4.614
-42.110	-4.644
-42.030	-4.884
-41.960	-4.994
-41.840	-5.174
-41.740	-5.304
-41.720	-5.314
-41.690	-5.364
-41.460	-5.634
-41.440	-5.684
-41.330	-5.794
-41.280	-5.884
-41.200	-5.974
-41.180	-6.024
-41.150	-6.054
-41.100	-6.144
-41.060	-6.154
-40.980	-6.214
-40.980	-6.194
-40.940	-6.204
-40.930	-6.184
-40.890	-6.194
-40.850	-6.184
-40.810	-6.174
-40.770	-6.174
-40.710	-6.154
-40.650	-6.084
-40.630	-6.024
-40.610	-6.014
-40.600	-5.984
-40.550	-5.934
-40.550	-5.914
-40.500	-5.854
-40.480	-5.794
-40.480	-5.734
-40.530	-5.614
-40.530	-5.594
-40.630	-5.464
-40.770	-5.284
-40.800	-5.254
-40.890	-5.124
-40.900	-5.084
-40.940	-5.024
-40.990	-4.964
-41.090	-4.794
-41.150	-4.674
-41.160	-4.634
-41.230	-4.504
-41.260	-4.474
-41.290	-4.424
-41.320	-4.394
-41.400	-4.224
-41.400	-4.144
-41.370	-4.104
POLYLINE GREEN
-41.560	-2.944
-41.540	-2.954
-41.450	-2.924
-41.410	-2.934
-41.370	-2.994
-41.370	-3.074
-41.390	-3.114
POLYLINE GREEN
-41.300	-3.334
-41.230	-3.294
-41.160	-3.294
-41.140	-3.284
-41.130	-3.334
-41.120	-3.354
-41.120	-3.394
-41.140	-3.454
POLYLINE GREEN
-41.800	-3.374
-41.710	-3.334
-41.670	-3.304
-41.650	-3.304
-41.590	-3.374
-41.570	-3.434
POLYLINE GREEN
-41.580	-3.754
-41.480	-3.684
-41.440	-3.704
-41.430	-3.724
POLYLINE GREEN
-41.980	-3.864
-41.900	-3.794
-41.870	-3.764
-41.800	-3.834
-41.790	-3.894
POLYLINE BLACK
-41.360	-4.114
-41.320	-3.984
-41.230	-3.864
-41.100	-3.734
-41.000	-3.574
-40.890	-3.484
-40.860	-3.454
-40.820	-3.444
-40.760	-3.394
-40.740	-3.384
POLYLINE BLACK
-41.520	-2.444
-41.520	-2.464
-41.610	-2.564
-41.660	-2.644
-41.670	-2.684
-41.780	-2.874
-41.840	-3.004
-41.840	-3.074
-41.850	-3.114
-41.850	-3.164
-41.880	-3.244
-41.960	-3.364
-42.000	-3.474
-42.000	-3.504
-42.040	-3.624
-42.060	-3.654
-42.070	-3.694
-42.090	-3.784
-42.090	-3.824
-42.120	-3.904
-42.130	-3.954
POLYLINE BLACK
-40.830	-2.724
-40.750	-2.974
-40.730	-3.044
-40.590	-2.954
-40.550	-2.944
-40.500	-2.914
-40.460	-2.904
-40.350	-2.874
-40.230	-2.814
-40.190	-2.804
-40.100	-2.764
-40.060	-2.754
-40.040	-2.734
-40.040	-2.734
-40.080	-2.734
-40.110	-2.724
-40.150	-2.734
-40.170	-2.724
-40.190	-2.734
-40.230	-2.724
-40.340	-2.744
-40.430	-2.744
-40.470	-2.754
-40.640	-2.754
-40.680	-2.744
-40.740	-2.744
-40.760	-2.754
-40.800	-2.734
-40.820	-2.754
POLYLINE GREEN
-40.440	-2.934
-40.360	-2.934
-40.340	-2.924
-40.300	-2.944
-40.300	-3.034
-40.330	-3.074
POLYLINE GREEN
-40.670	-2.614
-40.670	-2.634
-40.660	-2.614
-40.610	-2.614
-40.590	-2.604
-40.560	-2.634
-40.540	-2.714
-40.540	-2.754
-40.590	-2.824
-40.610	-2.834
POLYLINE GREEN
-40.930	-2.984
-40.930	-2.964
-40.900	-2.984
-40.880	-2.984
-40.860	-3.004
-40.830	-3.004
-40.770	-3.044
-40.770	-3.084
-40.820	-3.194
-40.840	-3.204
POLYLINE GREEN
-41.300	-2.784
-41.260	-2.804
-41.220	-2.794
-41.200	-2.814
-41.180	-2.814
-41.160	-2.834
-41.160	-2.864
-41.150	-2.904
-41.200	-3.014
-41.200	-3.034
POLYLINE BLACK
-39.940	-2.424
-40.040	-2.474
-40.090	-2.474
-40.130	-2.464
-40.150	-2.474
-40.210	-2.454
-40.250	-2.444
-40.310	-2.424
-40.350	-2.414
-40.390	-2.424
-40.460	-2.394
-40.500	-2.404
-40.590	-2.404
-40.630	-2.394
-40.650	-2.414
-40.670	-2.404
-40.710	-2.414
-40.740	-2.414
-40.780	-2.424
-40.810	-2.424
-40.890	-2.444
-41.010	-2.424
-41.050	-2.414
-41.090	-2.424
-41.130	-2.404
-41.150	-2.414
-41.170	-2.404
-41.190	-2.424
-41.230	-2.414
-41.260	-2.414
-41.300	-2.424
-41.380	-2.424
-41.480	-2.454
-41.540	-2.504
-41.580	-2.524
-41.590	-2.544
POLYLINE BLACK
-39.930	-3.034
-40.050	-3.044
-40.130	-3.094
-40.140	-3.114
-40.190	-3.114
-40.310	-3.174
-40.370	-3.214
-40.410	-3.214
-40.450	-3.224
-40.470	-3.244
-40.580	-3.264
-40.630	-3.304
-40.660	-3.304
-40.700	-3.334
-40.720	-3.334
-40.730	-3.354
-40.750	-3.354
POLYLINE BLACK
-40.070	-1.864
-40.020	-1.924
-39.990	-1.974
-39.970	-1.974
-39.930	-2.024
-39.920	-2.064
-39.900	-2.124
-39.900	-2.154
-39.890	-2.194
-39.890	-2.274
-39.860	-2.334
-39.890	-2.414
-39.930	-2.424
-39.970	-2.434
POLYLINE BLACK
-40.180	-4.144
-40.210	-4.064
-40.190	-3.974
-40.140	-3.844
-40.130	-3.804
-39.980	-3.624
-39.900	-3.494
-39.870	-3.444
-39.860	-3.404
-39.870	-3.384
-39.860	-3.344
-39.860	-3.214
-39.870	-3.174
-39.870	-3.054
-39.880	-3.014
-39.900	-2.994
-39.940	-3.004
-39.960	-2.994
-39.980	-3.004
POLYLINE BLACK
-34.829	-11.515
-34.801	-11.557
-34.724	-11.613
-34.682	-11.648
-34.668	-11.648
-34.654	-11.662
-34.640	-11.662
-34.598	-11.690
-34.577	-11.690
-34.535	-11.711
-34.521	-11.711
-34.507	-11.725
-34.493	-11.725
-34.458	-11.739
-34.444	-11.739
-34.402	-11.767
-34.388	-11.767
-34.353	-11.781
-34.339	-11.781
-34.325	-11.795
-34.311	-11.795
-34.283	-11.802
-34.255	-11.802
-34.234	-11.816
-34.171	-11.816
-34.143	-11.809
-34.129	-11.809
POLYLINE BLACK
-35.186	-11.354
-35.158	-11.361
-35.144	-11.361
-35.116	-11.354
-35.102	-11.354
-35.074	-11.326
-35.060	-11.326
-35.046	-11.312
-35.032	-11.312
-34.990	-11.291
-34.934	-11.305
-34.892	-11.361
-34.850	-11.438
-34.780	-11.536
-34.766	-11.543
POLYLINE BLACK
-34.304	-10.598
-34.332	-10.605
-34.374	-10.577
-34.430	-10.535
-34.451	-10.507
-34.465	-10.500
-34.472	-10.486
-34.514	-10.458
-34.535	-10.451
-34.563	-10.430
-34.577	-10.430
-34.605	-10.416
-34.654	-10.416
-34.717	-10.402
-34.738	-10.409
-34.766	-10.402
-34.794	-10.416
POLYLINE BLACK
-35.249	-10.605
-35.200	-10.619
-35.109	-10.619
-35.081	-10.605
-35.053	-10.605
-34.997	-10.563
-34.941	-10.528
-34.857	-10.465
-34.815	-10.444
-34.801	-10.444
-34.787	-10.430
-34.738	-10.430
POLYLINE BLACK
-34.367	-10.591
-34.332	-10.605
-34.318	-10.605
-34.248	-10.640
-34.234	-10.640
-34.213	-10.612
-34.157	-10.584
-34.115	-10.556
-34.073	-10.535
-34.066	-10.521
-34.038	-10.500
-34.017	-10.465
-34.003	-10.458
-34.003	-10.444
-33.989	-10.437
-33.961	-10.388
-33.891	-10.325
-33.877	-10.325
-33.835	-10.290
-33.814	-10.283
-33.793	-10.255
-33.709	-10.199
-33.632	-10.164
-33.590	-10.164
-33.576	-10.171
-33.548	-10.157
-33.506	-10.157
-33.492	-10.150
-33.464	-10.157
-33.450	-10.150
-33.422	-10.164
-33.387	-10.171
-33.359	-10.178
-33.345	-10.192
-33.331	-10.192
-33.324	-10.206
-33.268	-10.248
-33.254	-10.262
-33.191	-10.395
-33.170	-10.423
-33.170	-10.437
-33.156	-10.465
-33.156	-10.556
-33.184	-10.647
-33.177	-10.675
-33.177	-10.703
-33.170	-10.717
-33.156	-10.724
-33.156	-10.738
-33.149	-10.766
-33.149	-10.927
-33.156	-10.955
-33.156	-10.983
-33.163	-11.018
-33.163	-11.032
-33.170	-11.060
-33.177	-11.109
-33.184	-11.137
-33.184	-11.151
-33.205	-11.193
-33.205	-11.207
-33.226	-11.284
-33.226	-11.298
-33.247	-11.375
-33.261	-11.389
-33.261	-11.403
-33.296	-11.466
-33.303	-11.480
-33.331	-11.501
-33.338	-11.522
-33.394	-11.557
-33.422	-11.578
-33.436	-11.578
-33.450	-11.592
-33.513	-11.620
-33.555	-11.655
-33.569	-11.648
-33.625	-11.690
-33.639	-11.690
-33.646	-11.704
-33.660	-11.704
-33.688	-11.718
-33.702	-11.711
-33.716	-11.718
-33.723	-11.732
-33.765	-11.732
-33.793	-11.746
-33.807	-11.739
-33.863	-11.753
-33.877	-11.753
-33.891	-11.760
-33.905	-11.753
-33.947	-11.767
-33.982	-11.753
-34.010	-11.760
-34.024	-11.774
-34.052	-11.767
-34.080	-11.781
-34.164	-11.781
-34.178	-11.788
-34.192	-11.774
-34.199	-11.788
-34.213	-11.774
-34.227	-11.788
-34.255	-11.781
POLYLINE BLACK
-35.585	-10.773
-35.571	-10.773
-35.522	-10.759
-35.508	-10.759
-35.494	-10.752
POLYLINE BLACK
-35.550	-10.899
-35.508	-10.899
POLYLINE BLACK
-35.522	-11.039
-35.508	-11.032
-35.473	-11.032
POLYLINE BLACK
-35.473	-11.172
-35.459	-11.165
-35.417	-11.116
POLYLINE BLACK
-35.403	-11.284
-35.347	-11.249
POLYLINE BLACK
-35.564	-10.633
-35.578	-10.661
-35.578	-10.710
-35.585	-10.724
-35.578	-10.738
-35.578	-10.822
-35.571	-10.864
-35.571	-10.885
-35.564	-10.899
-35.564	-10.920
-35.557	-10.934
-35.557	-10.955
-35.543	-11.011
-35.522	-11.088
-35.501	-11.137
-35.501	-11.158
-35.473	-11.200
-35.459	-11.235
-35.396	-11.312
-35.375	-11.319
-35.333	-11.354
-35.319	-11.361
POLYLINE BLACK
-35.585	-11.228
-35.613	-11.221
-35.634	-11.221
-35.697	-11.186
-35.725	-11.158
-35.753	-11.172
-35.781	-11.158
-35.809	-11.158
-35.858	-11.144
-35.879	-11.130
-35.893	-11.130
-35.907	-11.123
-35.921	-11.130
-35.949	-11.123
-36.033	-11.123
-36.068	-11.116
-36.082	-11.123
-36.103	-11.116
-36.159	-11.123
-36.208	-11.130
-36.229	-11.123
-36.243	-11.130
-36.271	-11.123
-36.299	-11.130
-36.355	-11.130
-36.376	-11.123
-36.432	-11.137
-36.467	-11.144
-36.502	-11.158
-36.516	-11.151
-36.544	-11.158
-36.572	-11.158
-36.614	-11.172
-36.649	-11.158
-36.712	-11.158
-36.740	-11.151
-36.768	-11.151
-36.796	-11.144
-36.859	-11.137
-36.901	-11.116
-36.915	-11.116
-36.943	-11.109
-36.957	-11.109
-36.985	-11.102
POLYLINE BLACK
-35.116	-11.375
-35.137	-11.382
-35.193	-11.375
-35.228	-11.361
-35.242	-11.361
-35.361	-11.333
-35.375	-11.333
-35.403	-11.326
-35.424	-11.312
-35.438	-11.312
-35.501	-11.270
-35.515	-11.270
-35.557	-11.242
-35.571	-11.242
-35.613	-11.193
-35.620	-11.179
POLYLINE BLACK
-36.236	-10.836
-36.201	-10.696
-36.201	-10.682
-36.194	-10.654
-36.187	-10.619
-36.180	-10.591
-36.138	-10.619
-36.089	-10.640
-36.082	-10.654
-36.047	-10.682
-36.012	-10.696
-35.998	-10.696
-35.914	-10.731
-35.823	-10.745
-35.788	-10.759
-35.767	-10.759
-35.718	-10.780
-35.676	-10.808
-35.599	-10.829
-35.585	-10.829
-35.571	-10.836
-35.620	-10.836
-35.634	-10.850
-35.662	-10.843
-35.690	-10.843
-35.718	-10.850
-35.732	-10.836
-35.781	-10.836
-35.809	-10.843
-35.823	-10.843
-35.837	-10.836
-35.851	-10.843
-35.879	-10.836
-35.900	-10.843
-35.942	-10.829
-35.970	-10.836
-36.019	-10.836
-36.047	-10.829
-36.061	-10.836
-36.173	-10.808
-36.201	-10.815
-36.215	-10.808
POLYLINE BLACK
-36.775	-10.164
-36.775	-10.150
-36.740	-10.157
-36.670	-10.157
-36.642	-10.150
-36.593	-10.150
-36.558	-10.164
-36.509	-10.164
-36.460	-10.185
-36.446	-10.178
-36.418	-10.185
-36.362	-10.213
-36.257	-10.255
-36.194	-10.297
-36.180	-10.297
-36.145	-10.311
-36.131	-10.325
-36.117	-10.325
-36.103	-10.339
-36.089	-10.339
-36.054	-10.367
-36.040	-10.367
-36.012	-10.388
-36.005	-10.402
-35.907	-10.479
-35.865	-10.535
-35.816	-10.570
-35.802	-10.570
-35.774	-10.584
-35.634	-10.584
-35.578	-10.598
-35.550	-10.598
-35.536	-10.612
-35.508	-10.605
-35.473	-10.605
-35.459	-10.612
-35.431	-10.605
-35.417	-10.605
-35.403	-10.598
-35.389	-10.612
-35.375	-10.598
-35.361	-10.598
-35.347	-10.605
-35.319	-10.584
POLYLINE BLACK
-37.230	-10.752
-37.209	-10.759
-37.181	-10.752
-37.167	-10.752
-37.153	-10.759
POLYLINE BLACK
-37.377	-10.549
-37.356	-10.549
-37.342	-10.556
-37.328	-10.549
-37.265	-10.549
POLYLINE BLACK
-37.601	-10.878
-37.538	-10.878
-37.517	-10.885
-37.503	-10.878
POLYLINE BLACK
-37.888	-10.626
-37.874	-10.619
-37.860	-10.626
-37.832	-10.626
-37.818	-10.640
-37.790	-10.640
POLYLINE BLACK
-38.315	-11.130
-38.308	-11.116
-38.294	-11.123
-38.266	-11.116
-38.245	-11.116
-38.203	-11.130
-38.133	-11.130
-38.105	-11.123
-38.077	-11.123
-38.000	-11.095
-37.958	-11.067
-37.895	-11.039
-37.853	-11.039
-37.825	-11.032
-37.811	-11.032
-37.769	-11.018
-37.741	-11.025
-37.713	-11.025
-37.699	-11.032
-37.678	-11.032
-37.664	-11.039
-37.636	-11.032
-37.587	-11.032
-37.573	-11.025
-37.552	-11.025
-37.538	-11.018
-37.496	-11.018
-37.482	-11.011
-37.412	-11.011
-37.384	-11.018
-37.370	-11.011
-37.335	-11.011
-37.300	-11.018
-37.258	-11.011
-37.244	-11.011
-37.230	-11.025
-37.216	-11.025
-37.174	-11.039
-37.160	-11.053
-37.125	-11.053
-37.083	-11.081
-37.041	-11.109
-37.027	-11.109
-36.999	-11.116
-36.971	-11.116
-36.957	-11.123
POLYLINE BLACK
-38.210	-10.479
-38.196	-10.479
-38.154	-10.507
-38.091	-10.514
-38.028	-10.514
-37.923	-10.472
-37.895	-10.458
-37.867	-10.458
-37.804	-10.430
-37.741	-10.430
-37.685	-10.416
-37.657	-10.416
-37.622	-10.409
-37.587	-10.402
-37.475	-10.360
-37.461	-10.346
-37.377	-10.339
-37.342	-10.325
-37.314	-10.325
-37.300	-10.332
-37.279	-10.332
-37.223	-10.318
-37.202	-10.318
-37.146	-10.290
-37.132	-10.290
-37.104	-10.276
-37.090	-10.276
-37.013	-10.241
-36.999	-10.241
-36.957	-10.220
-36.936	-10.220
-36.894	-10.192
-36.866	-10.192
-36.831	-10.178
-36.789	-10.178
-36.775	-10.185
-36.761	-10.178
-36.712	-10.199
-36.698	-10.199
-36.684	-10.206
POLYLINE BLACK
-39.365	-10.689
-39.232	-10.878
-39.204	-10.920
-39.141	-10.871
-39.043	-10.815
-38.994	-10.801
-38.896	-10.752
-38.903	-10.738
-39.029	-10.696
-39.120	-10.654
-39.176	-10.647
-39.204	-10.647
-39.239	-10.654
-39.316	-10.640
POLYLINE BLACK
-39.428	-10.430
-39.421	-10.444
-39.554	-10.605
-39.568	-10.612
-39.575	-10.633
-39.512	-10.689
-39.442	-10.773
-39.288	-10.612
-39.253	-10.584
-39.267	-10.563
-39.386	-10.493
-39.498	-10.437
-39.554	-10.423
POLYLINE BLACK
-38.266	-11.130
-38.329	-11.130
-38.364	-11.123
-38.392	-11.123
-38.434	-11.102
-38.469	-11.095
-38.539	-11.067
-38.630	-11.018
-38.672	-11.011
-38.735	-11.011
-38.749	-11.018
-38.833	-11.018
-38.896	-11.011
-38.924	-11.011
-38.952	-11.025
-39.001	-11.011
-39.064	-10.990
-39.078	-10.976
-39.113	-10.976
-39.155	-10.962
-39.239	-10.962
-39.351	-10.948
-39.421	-10.948
-39.484	-10.962
-39.519	-10.962
-39.575	-10.955
-39.603	-10.948
-39.687	-10.948
-39.701	-10.941
-39.757	-10.955
-39.778	-10.955
-39.778	-10.969
-39.792	-10.997
-39.792	-11.018
-39.799	-11.046
-39.799	-11.074
-39.792	-11.102
-39.778	-11.116
-39.778	-11.130
-39.757	-11.172
-39.757	-11.193
-39.750	-11.221
-39.750	-11.235
POLYLINE BLACK
-39.631	-10.220
-39.603	-10.262
-39.554	-10.318
-39.498	-10.346
-39.435	-10.360
-39.309	-10.381
-39.253	-10.381
-39.239	-10.388
-39.204	-10.388
-39.190	-10.381
-39.099	-10.402
-38.840	-10.451
-38.791	-10.472
-38.742	-10.472
-38.714	-10.479
-38.686	-10.472
-38.672	-10.479
-38.658	-10.472
-38.483	-10.472
-38.469	-10.479
-38.448	-10.472
-38.406	-10.472
-38.357	-10.465
-38.245	-10.465
-38.196	-10.472
-38.147	-10.472
-38.133	-10.479
POLYLINE BLACK
-39.071	-7.182
-39.071	-7.238
-39.078	-7.308
-39.078	-7.329
-39.085	-7.343
-39.085	-7.406
-39.092	-7.420
-39.092	-7.455
-39.134	-7.595
-39.148	-7.630
-39.169	-7.658
-39.169	-7.672
-39.176	-7.686
-39.176	-7.707
-39.190	-7.749
POLYLINE BLACK
-39.176	-7.651
-39.176	-7.805
-39.183	-7.833
-39.183	-7.910
-39.190	-7.938
-39.190	-7.973
-39.183	-8.001
-39.183	-8.099
-39.190	-8.113
-39.190	-8.148
-39.204	-8.190
-39.204	-8.211
-39.218	-8.246
-39.218	-8.260
-39.232	-8.316
-39.232	-8.337
-39.239	-8.351
-39.218	-8.421
-39.197	-8.470
-39.197	-8.484
-39.183	-8.512
-39.183	-8.547
-39.176	-8.575
-39.176	-8.666
-39.169	-8.701
-39.169	-8.778
-39.155	-8.820
-39.155	-8.841
-39.127	-8.897
-39.127	-8.911
-39.120	-8.925
-39.120	-8.946
-39.106	-8.995
-39.106	-9.051
-39.099	-9.065
-39.099	-9.156
-39.085	-9.205
-39.085	-9.240
-39.078	-9.268
-39.078	-9.373
-39.071	-9.408
-39.071	-9.429
-39.078	-9.457
-39.078	-9.569
-39.071	-9.597
-39.071	-9.646
-39.064	-9.674
-39.064	-9.723
-39.071	-9.751
-39.071	-9.765
-39.099	-9.835
-39.176	-9.898
-39.183	-9.912
-39.309	-9.982
-39.323	-9.975
-39.337	-9.989
-39.372	-9.996
-39.428	-10.017
-39.442	-10.017
-39.477	-10.031
-39.505	-10.031
-39.547	-10.066
-39.554	-10.080
-39.610	-10.129
-39.610	-10.164
-39.624	-10.220
-39.624	-10.234
POLYLINE BROWN
-40.362	-7.667
-40.352	-7.687
POLYLINE BROWN
-40.437	-7.752
-40.427	-7.762
POLYLINE BROWN
-40.492	-7.712
-40.492	-7.722
-40.482	-7.727
POLYLINE BROWN
-40.587	-7.672
-40.567	-7.687
-40.557	-7.687
-40.547	-7.697
POLYLINE BROWN
-40.392	-7.592
-40.377	-7.612
-40.372	-7.627
POLYLINE BROWN
-40.477	-7.512
-40.457	-7.527
POLYLINE BROWN
-40.612	-7.482
-40.602	-7.482
-40.592	-7.487
POLYLINE BROWN
-41.852	-8.057
-41.842	-8.062
-41.807	-8.047
-41.797	-8.047
-41.747	-8.022
-41.727	-8.007
-41.712	-8.007
-41.702	-7.997
-41.667	-7.982
-41.647	-7.982
-41.572	-7.957
-41.537	-7.957
-41.517	-7.947
-41.502	-7.947
-41.462	-7.932
-41.397	-7.902
-41.372	-7.902
-41.312	-7.887
-41.297	-7.877
-41.262	-7.867
-41.247	-7.867
-41.227	-7.857
-41.207	-7.857
-41.182	-7.847
-41.172	-7.847
-41.152	-7.837
-41.142	-7.837
-41.107	-7.817
-41.092	-7.817
-41.042	-7.802
-41.017	-7.797
-40.997	-7.797
-40.962	-7.787
-40.947	-7.787
-40.937	-7.782
-40.912	-7.782
-40.902	-7.777
-40.867	-7.777
-40.827	-7.762
-40.817	-7.762
-40.797	-7.747
-40.782	-7.747
-40.762	-7.732
-40.727	-7.717
-40.717	-7.707
-40.707	-7.707
-40.697	-7.702
-40.687	-7.707
-40.677	-7.697
-40.667	-7.702
-40.662	-7.692
-40.642	-7.692
-40.632	-7.687
POLYLINE BROWN
-42.012	-7.877
-42.002	-7.882
-41.987	-7.877
-41.977	-7.867
-41.937	-7.857
-41.917	-7.842
-41.907	-7.842
-41.882	-7.832
-41.872	-7.822
-41.862	-7.822
-41.832	-7.807
-41.822	-7.807
-41.802	-7.792
-41.782	-7.792
-41.747	-7.782
-41.727	-7.777
-41.717	-7.777
-41.687	-7.767
-41.672	-7.757
-41.662	-7.757
-41.652	-7.752
-41.637	-7.752
-41.597	-7.737
-41.587	-7.737
-41.577	-7.732
-41.562	-7.732
-41.542	-7.722
-41.532	-7.722
-41.467	-7.697
-41.447	-7.697
-41.417	-7.677
-41.407	-7.677
-41.387	-7.657
-41.352	-7.657
-41.322	-7.637
-41.312	-7.637
-41.292	-7.622
-41.257	-7.622
-41.247	-7.612
-41.222	-7.612
-41.202	-7.607
-41.182	-7.607
-41.122	-7.587
-41.102	-7.587
-41.067	-7.572
-41.032	-7.572
-41.012	-7.562
-41.002	-7.562
-40.982	-7.557
-40.952	-7.557
-40.932	-7.552
-40.902	-7.552
-40.867	-7.537
-40.847	-7.537
-40.817	-7.527
-40.807	-7.532
-40.772	-7.532
-40.762	-7.527
-40.742	-7.532
-40.722	-7.527
-40.712	-7.527
-40.682	-7.512
-40.662	-7.512
POLYLINE BROWN
-41.972	-7.872
-41.967	-7.882
-41.977	-7.877
-42.002	-7.882
-42.022	-7.882
-42.042	-7.877
-42.072	-7.877
-42.092	-7.882
-42.102	-7.882
-42.142	-7.872
-42.152	-7.872
-42.162	-7.867
-42.172	-7.872
-42.192	-7.867
-42.202	-7.877
-42.212	-7.877
-42.232	-7.882
-42.257	-7.927
-42.257	-7.937
-42.277	-7.987
-42.282	-8.082
-42.282	-8.102
POLYLINE BROWN
-42.272	-8.027
-42.272	-8.047
-42.282	-8.067
-42.292	-8.127
-42.292	-8.147
POLYLINE BROWN
-41.642	-8.352
-41.672	-8.342
-41.682	-8.332
-41.702	-8.342
-41.722	-8.332
-41.762	-8.332
-41.782	-8.322
-41.802	-8.322
-41.822	-8.312
-41.867	-8.307
-41.887	-8.297
-41.907	-8.297
-41.917	-8.302
-41.957	-8.282
-41.982	-8.277
-41.997	-8.257
-41.997	-8.237
-41.977	-8.197
-41.942	-8.157
-41.922	-8.142
-41.887	-8.102
-41.847	-8.067
-41.827	-8.052
POLYLINE BROWN
-41.477	-8.527
-41.502	-8.497
-41.522	-8.482
-41.532	-8.467
-41.552	-8.452
-41.607	-8.382
-41.617	-8.377
-41.622	-8.367
-41.632	-8.362
-41.647	-8.342
POLYLINE BROWN
-41.827	-8.702
-41.817	-8.697
-41.807	-8.672
-41.767	-8.637
-41.742	-8.607
-41.717	-8.597
-41.687	-8.577
-41.677	-8.577
-41.652	-8.567
-41.627	-8.567
-41.602	-8.557
-41.592	-8.557
-41.542	-8.542
-41.532	-8.547
-41.522	-8.542
-41.502	-8.547
-41.462	-8.547
-41.442	-8.557
POLYLINE BROWN
-41.297	-9.157
-41.302	-9.147
-41.302	-9.147
-41.322	-9.117
-41.332	-9.072
-41.332	-9.037
-41.337	-9.017
-41.347	-8.957
-41.352	-8.937
-41.347	-8.892
-41.347	-8.872
-41.352	-8.862
-41.352	-8.847
-41.382	-8.777
-41.387	-8.752
-41.407	-8.697
-41.412	-8.687
-41.412	-8.672
-41.427	-8.642
-41.447	-8.612
-41.477	-8.572
-41.477	-8.562
-41.502	-8.517
-41.517	-8.497
-41.517	-8.497
-41.517	-8.497
-41.537	-8.482
POLYLINE BROWN
-41.697	-9.442
-41.727	-9.417
-41.747	-9.387
-41.747	-9.377
-41.767	-9.347
-41.767	-9.337
-41.777	-9.312
-41.792	-9.292
-41.802	-9.297
-41.812	-9.287
-41.832	-9.287
-41.872	-9.272
-41.882	-9.277
-41.927	-9.257
-41.937	-9.257
-41.957	-9.252
-41.962	-9.242
-42.022	-9.202
-42.047	-9.162
-42.047	-9.152
-42.067	-9.122
-42.067	-9.067
-42.072	-9.057
-42.072	-9.022
-42.047	-8.957
-42.012	-8.902
-41.992	-8.877
-41.962	-8.852
-41.952	-8.832
-41.937	-8.827
-41.922	-8.807
-41.882	-8.772
-41.817	-8.722
-41.827	-8.707
-41.847	-8.692
-41.882	-8.687
-41.892	-8.677
-41.902	-8.677
-41.932	-8.657
-41.957	-8.652
-41.997	-8.632
-42.007	-8.632
-42.057	-8.597
-42.112	-8.557
-42.137	-8.527
-42.147	-8.527
-42.197	-8.472
-42.242	-8.397
-42.257	-8.377
-42.267	-8.342
-42.292	-8.292
-42.292	-8.282
-42.297	-8.272
-42.297	-8.132
POLYLINE BROWN
-41.467	-9.492
-41.422	-9.467
-41.412	-9.457
-41.402	-9.457
-41.362	-9.422
-41.342	-9.407
-41.332	-9.407
-41.322	-9.432
-41.322	-9.442
-41.307	-9.472
-41.282	-9.567
-41.267	-9.607
-41.267	-9.617
-41.242	-9.672
-41.242	-9.682
-41.252	-9.672
-41.262	-9.672
-41.292	-9.647
-41.307	-9.642
-41.327	-9.627
-41.332	-9.617
-41.397	-9.567
-41.437	-9.532
-41.442	-9.522
-41.467	-9.507
POLYLINE BROWN
-41.682	-9.467
-41.637	-9.522
-41.622	-9.532
-41.562	-9.622
-41.542	-9.662
-41.502	-9.722
-41.487	-9.742
-41.477	-9.772
-41.457	-9.802
-41.442	-9.822
-41.442	-9.832
-41.372	-9.922
-41.362	-9.927
-41.337	-9.967
-41.327	-9.972
-41.287	-10.027
-41.252	-10.067
-41.207	-10.097
-41.202	-10.112
-41.132	-10.182
-41.102	-10.222
-41.067	-10.262
-41.062	-10.277
-40.997	-10.357
-40.967	-10.407
-40.957	-10.427
-40.957	-10.457
-40.952	-10.477
-40.947	-10.522
-40.947	-10.532
POLYLINE BROWN
-40.462	-10.017
-40.442	-10.037
-40.417	-10.047
-40.412	-10.057
-40.382	-10.077
POLYLINE BROWN
-41.312	-9.147
-41.262	-9.212
-41.247	-9.247
-41.227	-9.277
-41.182	-9.367
-41.132	-9.442
-41.117	-9.452
-41.112	-9.462
-41.097	-9.467
-41.062	-9.507
-41.047	-9.517
-41.042	-9.532
-41.012	-9.557
-40.992	-9.582
-40.977	-9.592
-40.912	-9.667
-40.902	-9.682
-40.887	-9.687
-40.837	-9.742
-40.787	-9.782
-40.782	-9.792
-40.742	-9.822
-40.722	-9.847
-40.707	-9.857
-40.697	-9.872
-40.657	-9.907
-40.647	-9.922
-40.627	-9.932
-40.602	-9.952
-40.582	-9.977
-40.532	-10.002
-40.522	-10.012
-40.512	-10.012
-40.492	-10.022
-40.482	-10.022
-40.442	-10.037
-40.432	-10.042
POLYLINE BLACK
-40.692	-10.797
-40.712	-10.807
POLYLINE BROWN
-39.062	-11.917
-39.092	-11.917
-39.192	-11.957
-39.232	-11.947
-39.272	-11.947
-39.312	-11.937
-39.352	-11.937
-39.392	-11.927
-39.412	-11.937
-39.482	-11.907
-39.522	-11.917
-39.542	-11.907
-39.562	-11.927
-39.602	-11.937
-39.662	-11.957
-39.792	-12.047
-39.832	-12.057
-39.972	-12.157
-40.062	-12.187
-40.102	-12.187
-40.142	-12.217
-40.182	-12.217
-40.252	-12.227
-40.312	-12.227
-40.352	-12.207
-40.372	-12.217
-40.502	-12.157
-40.542	-12.147
-40.702	-12.077
-40.722	-12.077
-40.762	-12.047
-40.802	-12.037
-40.872	-12.007
-40.912	-11.977
-41.002	-11.947
-41.102	-11.877
-41.142	-11.867
-41.182	-11.847
-41.272	-11.847
-41.342	-11.827
-41.442	-11.827
-41.482	-11.837
-41.502	-11.827
-41.542	-11.837
-41.562	-11.827
-41.602	-11.837
-41.652	-11.827
-41.712	-11.857
-41.732	-11.857
-41.772	-11.897
POLYLINE BROWN
-38.982	-11.877
POLYLINE BROWN
-40.382	-10.087
-40.302	-10.157
-40.302	-10.187
-40.272	-10.227
-40.252	-10.367
-40.252	-10.397
-40.192	-10.537
-40.192	-10.567
-40.152	-10.627
-40.032	-10.687
-39.992	-10.697
-39.802	-10.767
-39.762	-10.777
-39.672	-10.797
-39.632	-10.807
-39.592	-10.807
-39.552	-10.817
-39.452	-10.837
-39.412	-10.847
-39.392	-10.857
-39.332	-10.857
-39.302	-10.877
-39.282	-10.877
-39.262	-10.897
-39.242	-10.897
POLYLINE BROWN
-39.272	-10.867
-39.122	-11.107
-39.002	-11.247
-38.942	-11.357
-38.912	-11.487
-38.912	-11.567
-38.902	-11.607
-38.902	-11.717
-38.892	-11.757
-38.892	-11.797
-38.912	-11.847
-38.992	-11.897
-39.002	-11.917
POLYLINE BROWN
-42.862	-11.737
-42.952	-11.837
-42.962	-11.887
-42.932	-11.947
-42.932	-11.967
-42.892	-11.977
-42.842	-11.977
-42.782	-11.997
-42.752	-11.997
-42.712	-11.987
-42.572	-11.957
-42.492	-11.957
-42.412	-11.937
-42.302	-11.937
-42.282	-11.917
-42.242	-11.927
-42.182	-11.927
-42.132	-11.917
-42.012	-11.917
-41.932	-11.897
-41.912	-11.897
-41.892	-11.877
-41.822	-11.877
-41.762	-11.857
-41.742	-11.857
POLYLINE BROWN
-42.542	-11.577
-42.552	-11.557
-42.672	-11.617
-42.772	-11.687
-42.862	-11.777
-42.872	-11.797
POLYLINE BROWN
-40.962	-10.507
-40.922	-10.597
-40.922	-10.677
-41.032	-10.797
-41.062	-10.827
-41.232	-10.937
-41.272	-10.967
-41.392	-11.017
-41.462	-11.067
-41.502	-11.077
-41.622	-11.147
-41.652	-11.147
-41.862	-11.257
-41.882	-11.257
-41.942	-11.307
-42.052	-11.357
-42.072	-11.377
-42.112	-11.377
-42.162	-11.407
-42.202	-11.427
-42.222	-11.457
-42.242	-11.457
-42.322	-11.507
-42.362	-11.517
-42.382	-11.537
-42.452	-11.537
-42.512	-11.567
-42.532	-11.567
-42.572	-11.597
POLYLINE BLACK
-40.362	-11.137
-40.362	-11.157
POLYLINE BLACK
-40.442	-11.187
-40.412	-11.227
POLYLINE BLACK
-40.532	-11.347
-40.522	-11.367
-40.452	-11.337
-40.432	-11.347
POLYLINE BLACK
-40.392	-11.417
-40.382	-11.377
-40.362	-11.327
POLYLINE BLACK
-40.252	-11.437
-40.242	-11.377
POLYLINE BLACK
-40.012	-11.427
-40.042	-11.367
-40.042	-11.347
POLYLINE BLACK
-39.812	-11.357
-39.832	-11.337
-39.902	-11.327
-39.922	-11.307
POLYLINE BLACK
-39.802	-11.217
-39.882	-11.227
POLYLINE BLACK
-39.892	-11.067
-39.912	-11.117
-39.952	-11.157
POLYLINE BLACK
-40.072	-11.077
-40.082	-11.157
POLYLINE BLACK
-40.242	-11.087
-40.222	-11.167
POLYLINE BLACK
-40.262	-11.407
-40.202	-11.447
-40.162	-11.457
-40.112	-11.447
-40.032	-11.447
-39.972	-11.427
-39.882	-11.417
-39.802	-11.417
-39.782	-11.367
-39.762	-11.347
-39.742	-11.257
-39.772	-11.187
-39.812	-11.127
-39.892	-11.057
-39.932	-11.067
-39.972	-11.057
-40.002	-11.057
-40.042	-11.067
-40.082	-11.067
-40.132	-11.077
-40.172	-11.077
-40.212	-11.057
-40.232	-11.077
-40.312	-11.077
-40.362	-11.107
POLYLINE BLACK
-40.562	-11.307
-40.542	-11.377
-40.482	-11.407
-40.332	-11.427
-40.262	-11.427
POLYLINE BLACK
-40.292	-10.727
-40.282	-10.767
-40.282	-10.837
-40.292	-10.877
-40.302	-10.957
-40.322	-10.977
-40.322	-10.997
-40.382	-11.087
-40.442	-11.147
-40.522	-11.247
-40.542	-11.307
-40.562	-11.417
-40.572	-11.457
-40.562	-11.477
POLYLINE BLACK
-39.692	-9.017
-39.642	-9.317
-39.632	-9.457
-39.622	-9.507
-39.622	-9.577
-39.612	-9.697
-39.602	-9.727
-39.602	-9.777
-39.592	-9.817
-39.592	-9.817
-39.572	-9.837
-39.542	-9.827
-39.372	-9.867
-39.302	-9.867
-39.292	-9.727
-39.292	-9.627
-39.282	-9.497
-39.272	-9.307
-39.272	-9.127
-39.262	-9.107
-39.312	-9.097
-39.352	-9.097
-39.462	-9.067
-39.512	-9.067
-39.592	-9.037
-39.662	-9.037
POLYLINE BLACK
-39.582	-7.117
-39.572	-7.167
-39.582	-7.307
-39.592	-7.347
-39.612	-7.457
-39.612	-7.557
-39.622	-7.597
-39.622	-7.627
-39.652	-7.687
-39.652	-7.717
-39.702	-7.877
-39.712	-7.967
-39.722	-8.007
-39.722	-8.067
-39.712	-8.117
-39.712	-8.177
-39.782	-8.427
-39.832	-8.607
-39.832	-8.657
-39.852	-8.717
-39.852	-8.747
-39.862	-8.787
-39.862	-9.027
-39.872	-9.067
-39.892	-9.187
-39.892	-9.217
-39.902	-9.257
-39.922	-9.367
-39.942	-9.387
-39.952	-9.427
-40.002	-9.537
-40.022	-9.677
-40.022	-9.707
-40.042	-9.767
-40.072	-9.937
-40.072	-9.977
-40.082	-10.027
-40.082	-10.067
-40.122	-10.217
-40.132	-10.257
-40.162	-10.337
-40.202	-10.497
-40.252	-10.557
-40.262	-10.597
-40.272	-10.637
-40.282	-10.747
-40.282	-10.787
-40.292	-10.807
POLYLINE BLACK
-39.262	-5.307
-39.262	-5.347
-39.272	-5.367
-39.282	-5.467
-39.322	-5.677
-39.322	-5.727
-39.332	-5.747
-39.342	-5.867
-39.362	-5.977
-39.272	-6.007
-39.162	-6.007
-39.142	-6.017
-39.132	-5.957
-39.152	-5.797
-39.182	-5.667
-39.182	-5.637
-39.212	-5.547
-39.212	-5.517
-39.242	-5.457
-39.242	-5.417
-39.272	-5.337
POLYLINE BLACK
-39.522	-5.097
-39.492	-5.107
-39.382	-5.097
-39.342	-5.087
-39.312	-5.087
POLYLINE BLACK
-39.092	-5.287
-39.042	-5.287
-39.002	-5.277
-38.952	-5.287
-38.932	-5.277
POLYLINE BLACK
-39.552	-5.677
-39.532	-5.657
-39.462	-5.647
-39.422	-5.657
-39.392	-5.647
-39.372	-5.657
POLYLINE BLACK
-39.162	-5.947
-39.142	-5.927
-39.102	-5.917
-39.052	-5.927
POLYLINE BLACK
-39.432	-6.217
-39.382	-6.207
-39.262	-6.187
POLYLINE BLACK
-39.182	-6.537
-39.112	-6.527
-39.092	-6.527
POLYLINE BLACK
-39.422	-6.697
-39.402	-6.717
-39.362	-6.727
-39.252	-6.757
POLYLINE BLACK
-39.082	-7.167
-39.132	-7.157
-39.202	-7.157
-39.282	-7.167
-39.322	-7.157
-39.342	-7.167
-39.362	-7.147
-39.492	-7.147
-39.552	-7.127
-39.542	-7.167
-39.532	-7.297
-39.522	-7.347
-39.522	-7.427
-39.512	-7.467
-39.512	-7.517
-39.462	-7.547
-39.412	-7.557
-39.352	-7.577
-39.312	-7.587
-39.262	-7.597
-39.232	-7.597
-39.182	-7.607
-39.162	-7.597
-39.162	-7.567
-39.142	-7.547
-39.112	-7.407
-39.112	-7.357
-39.092	-7.247
-39.092	-7.177
POLYLINE BLACK
-39.852	-5.247
-39.762	-5.467
-39.732	-5.607
-39.722	-5.677
-39.702	-5.787
-39.702	-5.847
-39.672	-5.947
-39.612	-6.087
-39.592	-6.167
-39.592	-6.207
-39.572	-6.317
-39.562	-6.547
-39.562	-6.917
-39.572	-6.987
-39.572	-7.107
-39.582	-7.177
-39.582	-7.217
POLYLINE BLACK
-38.602	-4.597
-38.662	-4.967
-38.662	-5.127
-38.702	-5.277
-38.722	-5.317
-38.722	-5.347
-38.812	-5.547
-38.822	-5.587
-38.862	-5.727
-38.872	-5.827
-38.882	-5.867
-38.882	-6.217
-38.902	-6.307
-38.912	-6.407
-38.922	-6.457
-38.922	-6.487
-38.992	-6.707
-38.992	-6.737
-39.022	-6.867
-39.032	-6.947
-39.042	-7.077
-39.052	-7.127
-39.052	-7.147
POLYLINE BLACK
-39.302	-4.577
-39.302	-4.507
-39.262	-4.347
-39.212	-4.207
-39.182	-3.977
-39.192	-3.927
-39.192	-3.927
-39.152	-4.097
-39.142	-4.187
-39.132	-4.267
-39.132	-4.317
-39.122	-4.357
-39.122	-4.447
-39.112	-4.487
-39.112	-4.537
-39.102	-4.577
-39.102	-4.597
-39.142	-4.587
-39.172	-4.597
-39.192	-4.587
-39.232	-4.597
-39.292	-4.597
POLYLINE BLACK
-37.802	-3.007
-37.802	-3.027
-37.862	-3.097
-37.912	-3.197
-38.002	-3.347
-38.042	-3.417
-38.062	-3.467
-38.102	-3.507
-38.122	-3.557
-38.142	-3.577
-38.142	-3.597
-38.252	-3.767
-38.392	-4.037
-38.402	-4.077
-38.472	-4.217
-38.482	-4.257
-38.522	-4.337
-38.532	-4.387
-38.572	-4.507
-38.592	-4.607
-38.592	-4.667
POLYLINE BLACK
-40.192	-4.147
-40.152	-4.187
-40.072	-4.287
-40.052	-4.297
-40.012	-4.417
-39.992	-4.437
-39.992	-4.487
-39.972	-4.567
-39.972	-4.617
-39.962	-4.657
-39.952	-4.767
-39.952	-4.837
-39.942	-4.857
-39.942	-4.927
-39.932	-4.967
-39.932	-5.007
-39.912	-5.067
-39.912	-5.097
-39.852	-5.267
-39.852	-5.287
POLYLINE BLACK
-37.252	-2.347
-37.312	-2.387
-37.352	-2.397
-37.432	-2.457
-37.542	-2.567
-37.652	-2.727
-37.652	-2.747
-37.702	-2.807
-37.732	-2.857
-37.752	-2.877
-37.752	-2.897
-37.792	-2.937
-37.802	-2.977
-37.812	-3.017
-37.812	-3.077
-37.802	-3.097
POLYLINE BLACK
-39.967	0.343
-39.902	0.318
-39.892	0.308
-39.882	0.308
-39.847	0.293
-39.827	0.278
-39.817	0.278
-39.787	0.258
-39.757	0.238
-39.707	0.193
-39.667	0.158
-39.652	0.138
-39.647	0.123
-39.627	0.103
-39.552	-0.012
-39.542	-0.037
-39.527	-0.057
-39.522	-0.072
-39.502	-0.102
-39.477	-0.157
-39.462	-0.177
-39.412	-0.277
-39.402	-0.282
-39.402	-0.292
-39.387	-0.312
-39.387	-0.327
-39.352	-0.402
-39.337	-0.462
-39.327	-0.482
-39.327	-0.497
-39.317	-0.517
-39.317	-0.532
-39.292	-0.587
-39.292	-0.597
-39.272	-0.637
-39.227	-0.697
-39.192	-0.742
-39.182	-0.742
-39.157	-0.772
-39.147	-0.772
-39.137	-0.777
-39.112	-0.767
POLYLINE BLACK
-41.612	1.958
-41.592	1.943
-41.572	1.943
-41.547	1.938
-41.537	1.938
-41.517	1.943
-41.487	1.943
-41.467	1.938
-41.447	1.943
-41.437	1.943
POLYLINE BLACK
-41.652	1.893
-41.642	1.893
-41.602	1.883
-41.562	1.883
-41.537	1.878
-41.487	1.878
-41.462	1.868
-41.442	1.868
POLYLINE BLACK
-41.652	1.943
-41.637	1.943
-41.617	1.938
-41.552	1.938
-41.532	1.933
POLYLINE BLACK
-41.652	1.883
-41.642	1.878
-41.627	1.878
-41.607	1.873
-41.582	1.878
-41.562	1.873
-41.532	1.873
POLYLINE BLACK
-41.342	1.913
-41.327	1.913
-41.292	1.863
-41.252	1.828
-41.187	1.758
-41.177	1.738
-41.147	1.718
-41.122	1.678
-41.107	1.673
-41.077	1.633
-41.047	1.598
-41.012	1.573
-40.992	1.553
-40.977	1.548
-40.947	1.523
-40.902	1.483
-40.897	1.473
-40.857	1.438
-40.827	1.398
-40.797	1.353
-40.792	1.338
-40.782	1.328
-40.752	1.258
-40.742	1.248
-40.732	1.213
-40.717	1.183
-40.717	1.168
-40.702	1.138
-40.697	1.103
-40.692	1.083
-40.692	1.028
-40.697	1.003
-40.697	0.993
-40.692	0.983
-40.692	0.968
-40.687	0.948
POLYLINE BLACK
-41.477	1.808
-41.417	1.748
-41.402	1.728
-41.392	1.723
-41.377	1.703
-41.362	1.693
-41.322	1.638
-41.307	1.618
-41.302	1.603
-41.277	1.573
-41.262	1.553
-41.257	1.538
-41.202	1.468
-41.192	1.443
-41.167	1.413
-41.162	1.398
-41.142	1.378
-41.107	1.303
-41.087	1.273
-41.077	1.253
-41.077	1.243
-41.067	1.228
-41.062	1.203
-41.042	1.163
-41.037	1.138
-41.027	1.118
-41.027	1.108
-41.017	1.083
-41.017	1.073
-41.007	1.043
-41.007	1.028
-41.002	1.018
-41.002	1.003
-40.987	0.943
-40.982	0.908
POLYLINE BLACK
-40.737	0.538
-40.727	0.533
-40.702	0.498
-40.652	0.468
-40.642	0.468
-40.632	0.458
-40.587	0.448
-40.557	0.448
-40.547	0.438
-40.537	0.443
-40.522	0.443
-40.502	0.438
-40.492	0.443
-40.452	0.433
-40.432	0.433
-40.412	0.428
-40.377	0.428
-40.357	0.423
-40.347	0.423
-40.327	0.413
-40.307	0.418
-40.272	0.418
-40.262	0.413
-40.217	0.413
-40.207	0.403
-40.157	0.403
-40.132	0.393
-40.122	0.398
-40.002	0.338
-39.982	0.343
-39.952	0.328
-39.942	0.328
POLYLINE BLACK
-40.702	0.998
-40.692	0.998
-40.672	0.963
-40.667	0.918
-40.667	0.898
-40.672	0.878
-40.672	0.863
-40.682	0.843
-40.682	0.833
-40.697	0.803
-40.697	0.793
-40.717	0.753
-40.717	0.738
-40.727	0.718
-40.727	0.708
-40.732	0.688
-40.732	0.678
-40.737	0.658
-40.737	0.613
-40.732	0.603
-40.732	0.588
-40.727	0.568
-40.707	0.538
-40.697	0.518
-40.682	0.513
POLYLINE BLACK
-40.946	0.437
-40.931	0.416
-40.904	0.377
-40.889	0.365
-40.865	0.335
-40.859	0.326
-40.850	0.320
-40.847	0.311
-40.826	0.293
-40.805	0.266
-40.766	0.224
-40.748	0.206
-40.718	0.185
-40.703	0.173
-40.697	0.164
-40.670	0.146
-40.649	0.128
-40.634	0.119
-40.628	0.110
-40.616	0.104
-40.568	0.065
-40.523	0.035
-40.511	0.026
-40.490	0.011
-40.466	-0.016
-40.457	-0.022
-40.451	-0.031
-40.436	-0.040
-40.430	-0.049
-40.397	-0.073
-40.391	-0.082
-40.379	-0.091
-40.364	-0.106
-40.355	-0.118
-40.343	-0.127
-40.331	-0.142
-40.319	-0.151
-40.301	-0.178
-40.289	-0.190
-40.277	-0.214
-40.259	-0.235
POLYLINE BLACK
-40.988	0.923
-40.982	0.917
-40.982	0.908
-40.979	0.902
-40.979	0.857
-40.976	0.851
-40.976	0.647
-40.979	0.641
-40.979	0.617
-40.982	0.611
-40.982	0.563
-40.979	0.557
-40.976	0.524
-40.973	0.518
-40.973	0.503
-40.970	0.497
-40.970	0.491
-40.967	0.485
-40.967	0.479
-40.952	0.446
-40.952	0.440
-40.946	0.428
-40.940	0.422
POLYLINE BLACK
-39.650	-0.180
POLYLINE BLACK
-39.750	-0.140
POLYLINE BLACK
-37.960	2.190
POLYLINE BLACK
-40.040	0.280
POLYLINE BLACK
-38.720	-2.540
-38.710	-2.560
-38.620	-2.610
-38.540	-2.690
-38.410	-2.550
-38.370	-2.490
-38.310	-2.430
-38.270	-2.360
-38.230	-2.320
-38.180	-2.230
-38.140	-2.190
-38.080	-2.110
-38.060	-2.100
-38.100	-2.110
-38.170	-2.140
-38.210	-2.180
-38.250	-2.190
-38.470	-2.370
-38.490	-2.390
-38.530	-2.400
-38.590	-2.440
-38.620	-2.470
-38.690	-2.520
-38.710	-2.520
-38.720	-2.550
POLYLINE BLACK
-39.230	-1.710
-39.220	-1.750
-39.190	-1.840
-39.180	-1.880
-39.150	-1.940
-39.110	-1.910
-38.990	-1.850
-38.950	-1.840
-38.930	-1.810
-38.830	-1.760
-38.790	-1.730
-38.770	-1.730
-38.640	-1.650
-38.600	-1.640
-38.560	-1.610
-38.490	-1.580
-38.470	-1.560
-38.400	-1.550
-38.430	-1.550
-38.490	-1.570
-38.550	-1.570
-38.570	-1.580
-38.600	-1.570
-38.660	-1.600
-38.700	-1.590
-38.840	-1.650
-38.880	-1.650
-38.960	-1.680
-39.000	-1.690
-39.080	-1.730
-39.120	-1.740
-39.160	-1.750
-39.200	-1.760
-39.240	-1.780
POLYLINE BLACK
-40.280	-0.240
-40.200	-0.340
-40.050	-0.490
-39.980	-0.600
-39.950	-0.690
-39.900	-0.800
-39.890	-0.840
-39.880	-0.880
-39.880	-0.960
-39.900	-1.060
-39.900	-1.130
-39.930	-1.250
-40.020	-1.380
-40.050	-1.420
-40.050	-1.440
-40.080	-1.490
-40.130	-1.570
-40.130	-1.610
-40.140	-1.650
-40.140	-1.740
-40.090	-1.840
-40.080	-1.880
-40.040	-1.960
POLYLINE BLACK
-38.410	0.250
-38.430	0.100
-38.430	-0.060
-38.410	-0.260
-38.410	-0.300
-38.400	-0.320
-38.400	-0.400
-38.360	-0.700
-38.310	-0.880
-38.310	-0.910
-38.300	-0.950
-38.260	-1.160
-38.250	-1.200
-38.250	-1.230
-38.210	-1.370
-38.150	-1.520
-38.140	-1.570
-38.040	-1.780
-37.940	-1.920
-37.910	-1.970
-37.800	-2.050
-37.680	-2.140
-37.660	-2.140
-37.620	-2.180
-37.570	-2.190
-37.410	-2.290
-37.360	-2.310
-37.350	-2.330
-37.350	-2.330
-37.350	-2.310
-37.330	-2.330
-37.210	-2.380
POLYLINE BLACK
-38.450	0.140
-38.440	0.060
-38.440	0.000
-38.450	-0.040
-38.470	-0.120
-38.490	-0.160
-38.490	-0.190
-38.580	-0.360
-38.680	-0.480
-38.720	-0.550
-38.770	-0.610
-38.820	-0.660
-38.840	-0.660
-38.880	-0.700
-38.900	-0.700
-38.930	-0.730
-38.970	-0.730
-38.980	-0.750
-39.020	-0.750
-39.060	-0.760
-39.100	-0.770
-39.120	-0.760
POLYLINE BLACK
-35.780	-2.260
-35.920	-2.240
-36.000	-2.240
-36.140	-2.200
-36.280	-2.200
-36.360	-2.180
-36.420	-2.180
-36.460	-2.160
-36.540	-2.180
-36.620	-2.160
-36.660	-2.180
-36.700	-2.160
-36.840	-2.200
-36.960	-2.160
-37.000	-2.200
-37.100	-2.200
-37.280	-2.400
POLYLINE BLACK
-36.580	-0.400
-36.460	-0.520
-36.140	-0.840
-35.860	-0.960
-35.780	-0.980
-35.700	-1.020
POLYLINE BLACK
-38.420	0.880
-38.420	0.700
-38.400	0.540
-38.400	0.280
-38.420	0.200
-38.500	0.160
POLYLINE BLACK
-37.140	0.860
-37.040	0.580
-36.980	0.340
-36.900	0.160
-36.880	0.080
-36.780	-0.120
-36.640	-0.280
-36.540	-0.440

ELEVATION
STATIONS
146.230	-20.318	15.0
148.775	-19.807	15.1
148.989	-18.433	15.2
150.855	-18.585	15.3
151.792	-17.917	15.4
152.379	-17.966	15.5
153.536	-17.972	15.6
147.654	-19.561	15.7
145.529	-18.088	15.8
143.171	-15.304	15.9
138.739	-9.622	15.10
138.090	-8.247	15.11
138.861	-8.988	15.12
140.073	-7.764	15.13
140.840	-6.706	15.14
141.603	-6.150	15.15
142.030	-6.119	15.16
143.408	-4.355	15.17
137.925	-10.237	15.18
136.141	-9.951	15.19
134.482	-9.983	15.20
132.700	-10.952	15.21
131.994	-11.554	15.22
130.875	-12.029	15.23
148.967	-16.422	15.24
150.648	-15.126	15.25
152.321	-13.326	15.26
154.518	-12.827	15.27
152.064	-11.833	15.26
150.374	-12.773	15.25
148.459	-13.863	15.24
145.339	-12.733	15.8
151.009	-21.693	15.3
SHOTS
152.321	-13.326	154.518	-12.827
154.518	-12.827	154.397	-12.963
154.518	-12.827	154.436	-12.726
154.518	-12.827	154.504	-12.758
154.518	-12.827	154.497	-13.166
150.648	-15.126	152.321	-13.326
152.321	-13.326	152.374	-13.626
152.321	-13.326	152.100	-13.743
152.321	-13.326	152.464	-13.557
148.967	-16.422	150.648	-15.126
150.648	-15.126	150.594	-14.910
150.648	-15.126	152.076	-14.340
150.648	-15.126	150.641	-15.512
150.648	-15.126	150.074	-14.958
150.648	-15.126	150.130	-15.538
147.654	-19.561	148.967	-16.422
148.967	-16.422	148.964	-16.533
148.967	-16.422	148.892	-16.059
148.967	-16.422	149.195	-17.282
148.967	-16.422	149.010	-16.649
131.994	-11.554	130.875	-12.029
130.875	-12.029	130.912	-11.404
130.875	-12.029	130.456	-11.256
130.875	-12.029	131.386	-12.034
130.875	-12.029	130.206	-11.284
130.875	-12.029	130.291	-11.380
130.875	-12.029	131.258	-11.898
130.875	-12.029	131.941	-11.997
130.875	-12.029	131.563	-12.748
130.875	-12.029	131.940	-12.627
132.700	-10.952	131.994	-11.554
131.994	-11.554	132.280	-11.519
131.994	-11.554	131.865	-11.081
131.994	-11.554	132.053	-12.065
134.482	-9.983	132.700	-10.952
132.700	-10.952	132.606	-10.985
132.700	-10.952	132.599	-10.629
132.700	-10.952	132.710	-10.804
132.700	-10.952	133.056	-11.479
136.141	-9.951	134.482	-9.983
134.482	-9.983	134.859	-9.848
134.482	-9.983	134.708	-9.789
134.482	-9.983	134.430	-10.416
137.925	-10.237	136.141	-9.951
136.141	-9.951	136.097	-10.301
136.141	-9.951	136.345	-9.800
136.141	-9.951	136.307	-9.662
136.141	-9.951	136.025	-10.101
138.739	-9.622	137.925	-10.237
137.925	-10.237	137.316	-10.869
137.925	-10.237	138.017	-10.234
137.925	-10.237	137.869	-11.246
137.925	-10.237	138.014	-9.799
142.030	-6.119	143.408	-4.355
141.603	-6.150	142.030	-6.119
142.030	-6.119	141.979	-6.112
142.030	-6.119	141.942	-5.543
142.030	-6.119	142.058	-6.268
140.840	-6.706	141.603	-6.150
141.603	-6.150	141.381	-5.073
141.603	-6.150	141.169	-5.985
141.603	-6.150	141.922	-6.064
141.603	-6.150	141.610	-6.507
140.073	-7.764	140.840	-6.706
140.840	-6.706	140.778	-6.656
140.840	-6.706	140.752	-6.451
140.840	-6.706	140.912	-6.851
138.861	-8.988	140.073	-7.764
140.073	-7.764	140.113	-7.730
140.073	-7.764	140.119	-6.724
140.073	-7.764	139.966	-7.743
140.073	-7.764	139.765	-8.607
138.090	-8.247	138.861	-8.988
138.861	-8.988	138.805	-8.900
138.861	-8.988	138.917	-8.900
138.861	-8.988	138.527	-8.226
138.739	-9.622	138.090	-8.247
138.090	-8.247	138.618	-8.035
138.090	-8.247	139.681	-7.671
138.090	-8.247	138.539	-7.630
138.090	-8.247	138.181	-9.200
138.090	-8.247	138.327	-8.149
138.090	-8.247	138.370	-8.194
138.090	-8.247	138.226	-8.575
138.090	-8.247	138.632	-8.882
138.090	-8.247	138.831	-8.879
143.171	-15.304	138.739	-9.622
138.739	-9.622	138.890	-9.788
138.739	-9.622	138.295	-7.769
138.739	-9.622	138.547	-9.713
138.739	-9.622	138.782	-10.406
145.529	-18.088	143.171	-15.304
143.171	-15.304	143.256	-15.292
143.171	-15.304	142.674	-12.574
143.171	-15.304	143.060	-15.289
143.171	-15.304	143.096	-16.270
147.654	-19.561	145.529	-18.088
145.529	-18.088	144.996	-16.036
145.529	-18.088	145.686	-16.911
145.529	-18.088	145.737	-17.992
145.529	-18.088	145.744	-19.182
148.989	-18.433	147.654	-19.561
147.654	-19.561	147.327	-19.763
147.654	-19.561	145.920	-16.919
147.654	-19.561	147.373	-20.633
152.379	-17.966	153.536	-17.972
151.792	-17.917	152.379	-17.966
152.379	-17.966	152.321	-17.988
152.379	-17.966	152.325	-17.754
152.379	-17.966	152.402	-18.156
150.855	-18.585	151.792	-17.917
151.792	-17.917	151.740	-17.504
151.792	-17.917	151.787	-17.928
151.792	-17.917	151.809	-18.127
148.989	-18.433	150.855	-18.585
150.855	-18.585	150.708	-18.550
150.855	-18.585	150.768	-17.851
150.855	-18.585	150.855	-18.884
150.855	-18.585	150.897	-18.598
148.775	-19.807	148.989	-18.433
148.989	-18.433	148.900	-18.206
148.989	-18.433	148.945	-17.923
148.989	-18.433	149.217	-19.670
146.230	-20.318	148.775	-19.807
148.775	-19.807	149.597	-19.484
148.775	-19.807	147.971	-19.522
148.775	-19.807	147.497	-21.609
148.775	-19.807	149.118	-18.158
146.230	-20.318	146.230	-20.318
146.230	-20.318	146.415	-20.045
146.230	-20.318	146.131	-21.512
146.230	-20.318	147.673	-20.925
146.230	-20.318	147.501	-20.787
152.064	-11.833	151.703	-12.133	
152.064	-11.833	152.457	-12.250	
152.064	-11.833	152.065	-12.064	
150.374	-12.773	150.194	-12.557	
150.374	-12.773	148.962	-11.987	
150.374	-12.773	150.403	-13.159	
150.374	-12.773	149.811	-12.605	
150.374	-12.773	149.152	-13.185	
148.459	-13.863	148.986	-13.974	
148.459	-13.863	148.751	-13.500	
148.459	-13.863	148.349	-14.723	
148.459	-13.863	148.288	-14.090	
145.339	-12.733	146.079	-10.681	
145.339	-12.733	145.299	-11.556	
145.339	-12.733	144.880	-12.637	
145.339	-12.733	145.154	-13.827	
151.009	-21.693	150.657	-21.658	
151.009	-21.693	150.912	-20.959	
151.009	-21.693	151.009	-21.992	
151.009	-21.693	151.350	-21.706	
POLYLINE BROWN
155.082	-13.587
155.096	-13.587
155.110	-13.594
POLYLINE BROWN
154.991	-13.741
155.005	-13.755
155.040	-13.755
155.054	-13.748
POLYLINE BROWN
154.935	-13.545
154.949	-13.559
154.963	-13.559
154.991	-13.573
155.012	-13.573
POLYLINE BROWN
154.732	-13.510
154.746	-13.503
154.774	-13.517
154.788	-13.517
154.816	-13.524
154.830	-13.524
POLYLINE BROWN
154.774	-13.692
154.823	-13.699
154.837	-13.706
154.921	-13.706
154.935	-13.713
POLYLINE BROWN
154.606	-13.636
154.620	-13.636
154.648	-13.657
154.690	-13.657
POLYLINE BROWN
154.529	-13.601
POLYLINE BROWN
154.459	-13.545
154.487	-13.594
154.473	-13.601
154.431	-13.580
154.417	-13.580
154.375	-13.552
154.347	-13.552
154.284	-13.524
154.270	-13.524
154.256	-13.531
154.242	-13.517
154.228	-13.517
154.186	-13.496
154.165	-13.496
154.123	-13.475
154.109	-13.482
154.053	-13.468
154.039	-13.468
154.011	-13.461
153.997	-13.461
153.983	-13.468
153.927	-13.468
153.899	-13.475
153.885	-13.475
153.843	-13.496
153.815	-13.496
153.780	-13.510
153.738	-13.510
153.703	-13.517
153.682	-13.510
153.640	-13.524
153.619	-13.517
153.577	-13.545
153.507	-13.545
153.479	-13.531
153.465	-13.531
153.437	-13.524
153.416	-13.510
153.402	-13.510
153.388	-13.517
153.374	-13.510
153.353	-13.517
153.339	-13.510
153.325	-13.517
153.290	-13.510
153.241	-13.510
153.227	-13.503
153.199	-13.510
153.171	-13.510
153.157	-13.517
153.129	-13.510
153.003	-13.510
152.975	-13.503
152.947	-13.517
152.828	-13.517
152.800	-13.510
152.772	-13.510
152.758	-13.517
152.744	-13.510
152.730	-13.517
152.569	-13.531
POLYLINE BROWN
154.536	-12.978
154.543	-13.062
154.543	-13.097
154.529	-13.111
154.522	-13.139
154.487	-13.181
154.424	-13.209
154.396	-13.251
154.396	-13.265
154.389	-13.293
154.459	-13.377
154.487	-13.384
154.494	-13.398
154.508	-13.398
154.536	-13.419
154.550	-13.419
154.606	-13.454
154.641	-13.461
154.655	-13.461
154.669	-13.468
POLYLINE BROWN
152.268	-13.307
152.282	-13.293
152.310	-13.293
152.380	-13.251
152.394	-13.251
152.422	-13.237
152.471	-13.237
152.513	-13.230
152.541	-13.230
152.562	-13.237
152.590	-13.230
152.618	-13.237
152.716	-13.237
152.744	-13.244
152.772	-13.237
152.786	-13.237
152.800	-13.244
152.814	-13.237
152.835	-13.237
152.905	-13.216
152.933	-13.202
152.947	-13.202
153.038	-13.125
153.143	-13.055
153.157	-13.062
153.220	-13.027
153.276	-13.013
153.367	-12.964
153.395	-12.964
153.423	-12.957
153.451	-12.957
153.465	-12.943
153.479	-12.943
153.563	-12.908
153.661	-12.859
153.675	-12.859
153.689	-12.852
153.773	-12.845
153.787	-12.845
153.843	-12.817
153.969	-12.796
154.053	-12.754
154.067	-12.754
154.123	-12.726
154.137	-12.726
154.165	-12.712
154.186	-12.712
154.200	-12.705
154.214	-12.712
154.249	-12.698
154.284	-12.698
154.312	-12.705
154.340	-12.705
154.368	-12.712
154.382	-12.712
154.480	-12.740
154.536	-12.782
154.564	-12.838
154.564	-12.866
154.578	-12.894
154.578	-13.006
154.585	-13.034
154.585	-13.048
POLYLINE BROWN
152.485	-13.538
152.513	-13.545
152.541	-13.545
152.555	-13.538
152.569	-13.545
POLYLINE BLACK
151.694	-12.133
151.694	-12.068
151.699	-12.038
151.699	-12.013
151.714	-11.983
151.739	-11.953
151.749	-11.948
151.764	-11.928
151.784	-11.923
151.814	-11.898
151.844	-11.883
151.849	-11.873
151.859	-11.873
151.879	-11.858
151.914	-11.843
151.924	-11.843
151.934	-11.848
151.969	-11.838
151.999	-11.838
152.019	-11.828
152.029	-11.828
152.039	-11.833
152.059	-11.828
152.089	-11.828
152.109	-11.823
152.129	-11.828
152.159	-11.828
152.169	-11.823
152.194	-11.823
152.214	-11.813
152.224	-11.818
152.239	-11.818
152.259	-11.828
152.279	-11.828
152.289	-11.818
152.299	-11.823
152.319	-11.818
152.334	-11.818
152.354	-11.823
152.374	-11.823
152.404	-11.838
152.414	-11.838
152.419	-11.828
152.439	-11.833
152.469	-11.833
152.499	-11.853
152.509	-11.873
152.509	-11.893
152.514	-11.913
152.514	-11.943
152.519	-11.968
152.514	-11.988
152.514	-11.998
152.509	-12.008
152.484	-12.023
152.479	-12.033
152.469	-12.033
152.449	-12.053
152.439	-12.053
152.409	-12.083
152.384	-12.073
152.374	-12.073
152.354	-12.068
152.344	-12.068
152.334	-12.073
152.324	-12.068
152.304	-12.073
152.254	-12.073
152.244	-12.078
152.229	-12.078
152.209	-12.083
152.204	-12.073
152.194	-12.073
152.184	-12.063
152.169	-12.068
152.149	-12.063
152.139	-12.063
152.119	-12.058
152.109	-12.058
152.099	-12.068
152.089	-12.068
152.059	-12.053
152.049	-12.053
152.029	-12.058
151.979	-12.058
151.959	-12.078
151.939	-12.078
151.929	-12.088
151.919	-12.083
151.914	-12.093
151.894	-12.098
151.864	-12.123
151.854	-12.123
151.844	-12.113
151.834	-12.113
151.824	-12.118
151.809	-12.118
151.789	-12.123
151.779	-12.118
151.759	-12.128
151.739	-12.128
151.719	-12.138
151.709	-12.138
POLYLINE BLACK
150.459	-13.148
150.204	-13.138
150.184	-13.143
150.164	-13.138
150.149	-13.143
150.129	-13.138
150.119	-13.138
150.109	-13.143
150.099	-13.138
150.029	-13.148
149.984	-13.148
149.974	-13.158
149.934	-13.173
149.904	-13.163
149.864	-13.163
149.824	-13.138
149.814	-13.143
149.804	-13.138
149.784	-13.113
149.744	-13.083
149.724	-13.043
149.724	-12.943
149.749	-12.908
149.759	-12.903
149.779	-12.868
149.779	-12.848
149.774	-12.828
149.774	-12.793
149.769	-12.783
149.789	-12.738
149.804	-12.718
149.804	-12.703
149.799	-12.683
149.799	-12.653
149.809	-12.623
149.809	-12.618
149.829	-12.588
149.849	-12.573
149.874	-12.568
149.919	-12.553
149.929	-12.553
149.949	-12.543
149.959	-12.543
149.979	-12.548
149.989	-12.543
149.999	-12.548
150.014	-12.548
150.024	-12.538
150.034	-12.538
150.054	-12.543
150.079	-12.543
150.089	-12.538
150.114	-12.538
150.124	-12.543
150.144	-12.528
150.159	-12.538
150.169	-12.538
150.209	-12.553
150.229	-12.558
150.239	-12.568
150.259	-12.568
150.309	-12.593
150.364	-12.668
150.389	-12.718
150.394	-12.753
150.404	-12.783
150.404	-12.798
150.409	-12.808
150.409	-12.843
150.424	-12.903
150.434	-12.913
150.454	-12.958
150.454	-12.978
150.459	-13.003
150.459	-13.023
150.454	-13.048
150.454	-13.123
150.449	-13.143
150.454	-13.178
POLYLINE CONNECT
152.064	-11.833
152.321	-13.326
POLYLINE CONNECT
150.374	-12.773
150.648	-15.126
POLYLINE BROWN
152.264	-13.333
152.184	-13.353
152.164	-13.373
152.114	-13.373
152.014	-13.423
151.924	-13.503
151.864	-13.543
151.824	-13.573
151.734	-13.613
151.674	-13.663
151.604	-13.693
151.564	-13.723
151.534	-13.723
151.364	-13.793
151.254	-13.843
151.194	-13.893
151.034	-14.023
150.964	-14.053
150.854	-14.123
150.674	-14.203
150.584	-14.303
150.564	-14.303
150.504	-14.383
150.444	-14.423
150.424	-14.423
150.344	-14.523
150.274	-14.593
150.204	-14.663
POLYLINE BROWN
150.704	-15.543
150.814	-15.413
150.914	-15.343
150.954	-15.333
150.994	-15.303
151.014	-15.303
151.114	-15.223
151.164	-15.193
151.234	-15.143
151.254	-15.143
151.364	-15.033
151.494	-14.883
151.594	-14.803
151.614	-14.803
151.674	-14.743
151.744	-14.713
151.754	-14.683
151.874	-14.563
151.904	-14.513
151.954	-14.463
151.974	-14.413
151.994	-14.393
152.034	-14.223
152.064	-14.163
152.084	-14.043
152.124	-13.963
152.124	-13.923
152.204	-13.793
152.214	-13.743
152.254	-13.683
152.264	-13.643
152.364	-13.573
152.444	-13.563
152.464	-13.573
POLYLINE BROWN
150.254	-14.623
150.204	-14.653
149.924	-14.913
149.764	-15.143
149.694	-15.223
149.564	-15.353
149.494	-15.373
149.454	-15.413
149.434	-15.413
149.284	-15.573
149.194	-15.713
149.134	-15.803
149.094	-15.833
149.034	-15.933
148.934	-16.013
148.864	-16.073
148.844	-16.073
POLYLINE BROWN
150.734	-15.483
150.594	-15.593
150.564	-15.623
150.454	-15.863
150.224	-16.093
150.154	-16.243
149.964	-16.533
149.814	-16.733
149.744	-16.823
149.694	-16.873
149.574	-17.013
149.514	-17.053
149.404	-17.123
149.354	-17.183
POLYLINE BROWN
148.149	-14.658
148.154	-14.668
148.154	-14.683
148.164	-14.703
148.164	-14.713
POLYLINE BROWN
148.959	-14.038
148.959	-14.028
148.964	-14.008
148.964	-13.978
148.969	-13.968
148.964	-13.948
148.964	-13.858
148.959	-13.848
148.959	-13.823
148.939	-13.768
148.939	-13.758
148.924	-13.738
148.914	-13.713
148.914	-13.703
148.879	-13.648
148.879	-13.638
148.859	-13.613
148.849	-13.608
148.839	-13.583
148.819	-13.568
148.814	-13.558
148.744	-13.523
148.719	-13.503
148.709	-13.503
148.689	-13.498
148.669	-13.498
148.624	-13.493
148.614	-13.488
148.594	-13.498
148.574	-13.493
148.539	-13.493
148.509	-13.503
148.499	-13.513
148.489	-13.513
148.459	-13.533
148.414	-13.563
148.404	-13.578
148.394	-13.583
148.389	-13.593
148.369	-13.608
148.354	-13.633
148.344	-13.638
148.319	-13.668
148.309	-13.673
148.299	-13.708
148.279	-13.753
148.279	-13.763
148.264	-13.798
148.264	-13.873
148.259	-13.888
148.259	-13.923
148.254	-13.948
148.254	-14.008
148.259	-14.028
148.259	-14.053
148.269	-14.088
148.269	-14.133
148.259	-14.163
148.254	-14.203
148.234	-14.258
148.219	-14.278
148.219	-14.293
148.194	-14.323
148.194	-14.333
148.179	-14.353
148.179	-14.373
148.174	-14.393
148.174	-14.438
148.179	-14.473
148.179	-14.558
148.169	-14.598
148.169	-14.658
148.174	-14.668
POLYLINE BROWN
148.159	-14.688
148.169	-14.688
148.199	-14.713
148.224	-14.718
148.234	-14.713
148.254	-14.718
148.269	-14.718
148.289	-14.713
148.299	-14.718
148.324	-14.718
148.334	-14.713
148.389	-14.708
148.399	-14.703
148.409	-14.708
148.429	-14.698
148.444	-14.698
148.464	-14.703
148.494	-14.703
148.504	-14.698
148.524	-14.703
148.549	-14.703
148.559	-14.708
148.569	-14.703
148.579	-14.708
148.599	-14.703
148.624	-14.703
148.644	-14.698
148.654	-14.698
148.674	-14.693
148.684	-14.703
148.694	-14.703
148.704	-14.698
148.729	-14.713
148.739	-14.713
148.749	-14.718
148.759	-14.713
148.784	-14.723
148.824	-14.723
148.849	-14.718
148.859	-14.718
148.889	-14.708
148.899	-14.713
148.939	-14.703
148.974	-14.663
148.984	-14.643
148.984	-14.633
148.994	-14.623
148.994	-14.538
148.984	-14.483
148.984	-14.403
148.989	-14.383
148.989	-14.308
148.979	-14.268
148.979	-14.248
148.974	-14.238
148.979	-14.228
148.979	-14.108
148.974	-14.088
148.974	-14.053
148.979	-14.033
148.979	-14.013
POLYLINE CONNECT
148.459	-13.863
148.967	-16.422
POLYLINE BROWN
149.739	-17.803
149.699	-17.823
149.599	-17.823
149.519	-17.793
149.449	-17.753
149.409	-17.743
149.299	-17.633
149.249	-17.533
149.249	-17.383
149.269	-17.313
149.329	-17.223
149.409	-17.153
POLYLINE BROWN
148.829	-16.063
148.729	-16.143
148.609	-16.333
148.369	-16.673
148.209	-16.823
148.149	-16.863
148.039	-16.963
147.859	-17.143
147.799	-17.203
147.749	-17.233
147.669	-17.283
147.629	-17.323
147.569	-17.343
147.499	-17.413
147.449	-17.453
POLYLINE BLACK
131.329	-11.523
131.409	-11.523
131.469	-11.503
131.519	-11.473
131.599	-11.393
131.649	-11.303
131.649	-11.283
131.669	-11.263
131.669	-11.243
131.729	-11.183
131.749	-11.183
131.789	-11.153
131.809	-11.153
131.829	-11.133
131.869	-11.123
131.909	-11.093
131.979	-11.103
131.999	-11.093
132.059	-11.113
132.139	-11.093
132.189	-11.063
132.209	-11.063
POLYLINE BLACK
130.549	-11.263
130.729	-11.453
130.749	-11.453
130.769	-11.473
130.789	-11.473
130.839	-11.503
130.849	-11.523
130.869	-11.523
130.899	-11.553
130.959	-11.583
130.999	-11.573
131.039	-11.583
131.069	-11.583
131.149	-11.553
131.189	-11.573
131.249	-11.533
131.289	-11.543
131.329	-11.523
POLYLINE BLACK
132.359	-12.883
132.319	-12.873
132.279	-12.893
132.229	-12.893
132.109	-12.873
132.029	-12.873
131.979	-12.853
131.909	-12.853
131.819	-12.823
131.799	-12.803
131.649	-12.773
131.539	-12.733
131.459	-12.733
131.419	-12.723
131.369	-12.713
131.329	-12.703
131.309	-12.683
131.259	-12.693
131.179	-12.673
131.089	-12.623
131.029	-12.623
131.019	-12.603
130.979	-12.593
130.919	-12.533
130.899	-12.453
130.849	-12.293
130.849	-12.253
130.839	-12.213
130.829	-12.133
130.829	-12.093
130.779	-12.043
130.689	-11.993
130.649	-11.983
130.539	-11.953
130.499	-11.943
130.439	-11.923
130.419	-11.923
130.379	-11.893
130.359	-11.893
130.339	-11.873
130.299	-11.863
130.179	-11.793
130.059	-11.683
130.049	-11.573
130.039	-11.553
130.049	-11.483
130.049	-11.433
130.059	-11.393
130.169	-11.283
130.209	-11.273
130.229	-11.253
130.319	-11.253
130.359	-11.243
130.379	-11.253
130.419	-11.243
130.529	-11.243
130.549	-11.263
130.629	-11.283
POLYLINE BLACK
133.339	-12.913
133.299	-12.913
133.279	-12.903
POLYLINE BLACK
133.409	-12.653
133.319	-12.653
POLYLINE BLACK
133.269	-12.623
133.229	-12.623
133.159	-12.633
133.119	-12.623
POLYLINE BLACK
133.069	-12.653
133.069	-12.633
POLYLINE BLACK
132.529	-12.883
132.469	-12.873
132.429	-12.883
132.389	-12.873
POLYLINE BLACK
132.779	-12.873
132.739	-12.873
132.679	-12.853
POLYLINE BLACK
133.129	-12.913
133.019	-12.903
132.999	-12.913
POLYLINE BLACK
132.999	-12.633
133.019	-12.643
POLYLINE BLACK
132.089	-12.033
132.049	-12.033
132.009	-12.013
131.989	-12.033
131.949	-12.033
131.889	-12.103
131.849	-12.173
131.849	-12.213
131.839	-12.253
131.839	-12.293
131.849	-12.333
131.849	-12.353
131.899	-12.423
131.979	-12.473
132.019	-12.483
132.079	-12.503
132.189	-12.503
132.229	-12.543
132.289	-12.543
132.309	-12.553
132.349	-12.543
132.369	-12.543
132.419	-12.573
132.459	-12.583
132.539	-12.603
132.559	-12.593
132.599	-12.613
132.659	-12.593
132.699	-12.593
132.719	-12.603
132.759	-12.593
132.799	-12.603
132.839	-12.603
132.879	-12.613
132.899	-12.603
POLYLINE BLACK
132.779	-11.473
132.769	-11.493
132.749	-11.493
132.709	-11.523
132.659	-11.543
132.619	-11.573
132.599	-11.573
132.539	-11.663
132.489	-11.713
132.429	-11.813
132.389	-11.843
132.379	-11.873
132.289	-11.923
132.279	-11.943
132.259	-11.943
132.209	-11.993
132.169	-12.013
132.149	-12.003
132.109	-12.013
132.049	-12.023
POLYLINE BLACK
132.619	-10.613
132.589	-10.663
132.529	-10.703
132.439	-10.793
132.439	-10.813
132.379	-10.913
132.329	-10.983
132.269	-11.023
132.249	-11.023
132.149	-11.083
132.129	-11.093
POLYLINE BLACK
134.379	-10.413
134.409	-10.403
134.449	-10.413
134.499	-10.403
134.519	-10.403
134.629	-10.363
134.649	-10.343
134.759	-10.323
134.839	-10.283
134.879	-10.273
134.929	-10.283
134.969	-10.293
134.989	-10.283
135.029	-10.293
135.399	-10.293
135.439	-10.283
135.479	-10.293
135.499	-10.283
135.519	-10.293
135.569	-10.283
135.599	-10.283
135.619	-10.273
135.659	-10.283
135.699	-10.283
135.719	-10.273
135.759	-10.283
135.819	-10.293
135.859	-10.283
135.899	-10.283
135.939	-10.273
135.969	-10.273
136.009	-10.283
136.049	-10.273
136.069	-10.263
136.089	-10.273
136.109	-10.263
POLYLINE BLACK
132.717	-11.535
132.724	-11.521
132.759	-11.514
132.836	-11.500
132.885	-11.486
132.927	-11.486
132.955	-11.472
132.990	-11.472
133.004	-11.479
133.018	-11.472
133.039	-11.472
133.067	-11.479
133.095	-11.472
133.109	-11.458
133.123	-11.458
133.137	-11.451
133.137	-11.437
133.172	-11.381
133.186	-11.318
133.186	-11.304
133.221	-11.248
133.228	-11.227
133.263	-11.185
133.284	-11.136
133.312	-11.108
133.312	-11.094
133.326	-11.059
133.326	-11.045
133.340	-10.996
133.340	-10.947
133.354	-10.933
133.354	-10.919
133.368	-10.884
133.424	-10.807
133.445	-10.765
133.494	-10.702
133.536	-10.681
133.550	-10.681
133.592	-10.660
133.606	-10.660
133.634	-10.646
133.669	-10.653
133.718	-10.632
133.732	-10.632
133.802	-10.597
133.830	-10.597
133.900	-10.569
133.942	-10.541
133.984	-10.520
134.019	-10.513
134.047	-10.499
134.061	-10.499
134.089	-10.492
134.117	-10.471
134.138	-10.471
134.194	-10.436
134.229	-10.422
134.243	-10.422
134.271	-10.415
134.334	-10.408
134.362	-10.408
134.376	-10.415
134.397	-10.408
134.425	-10.422
134.439	-10.422
POLYLINE BLACK
132.594	-10.668
132.654	-10.638
132.714	-10.638
132.744	-10.608
132.804	-10.608
132.834	-10.578
132.924	-10.578
132.954	-10.548
133.029	-10.533
133.149	-10.473
133.269	-10.353
133.299	-10.353
133.389	-10.278
133.494	-10.233
133.524	-10.203
133.629	-10.158
133.749	-10.023
133.899	-9.903
134.034	-9.843
134.064	-9.813
134.094	-9.813
134.319	-9.693
134.349	-9.693
134.409	-9.678
134.439	-9.678
134.499	-9.648
134.619	-9.693
134.664	-9.753
134.694	-9.738
134.724	-9.753
134.769	-9.753
134.844	-9.738
134.934	-9.738
135.069	-9.783
135.279	-9.783
135.384	-9.753
135.669	-9.753
135.729	-9.738
135.804	-9.738
135.864	-9.753
135.924	-9.738
136.014	-9.738
136.089	-9.723
136.164	-9.708
136.194	-9.693
136.269	-9.693
136.299	-9.708
136.329	-9.693
POLYLINE BLACK
136.089	-9.678
136.149	-9.693
136.329	-9.693
136.404	-9.708
136.434	-9.708
136.494	-9.723
136.524	-9.723
136.584	-9.738
136.614	-9.738
136.674	-9.768
136.704	-9.753
136.749	-9.753
136.839	-9.798
136.884	-9.798
136.914	-9.813
136.989	-9.813
137.049	-9.828
137.139	-9.828
137.274	-9.858
137.304	-9.858
137.334	-9.843
137.394	-9.858
137.454	-9.843
137.604	-9.828
137.634	-9.828
137.694	-9.843
137.829	-9.813
137.859	-9.813
138.084	-9.753
138.114	-9.753
138.249	-9.723
138.429	-9.723
138.519	-9.693
POLYLINE BLACK
138.684	-10.398
138.594	-10.428
138.549	-10.458
138.444	-10.668
138.399	-10.728
138.384	-10.773
138.324	-10.833
138.279	-10.938
138.204	-11.028
138.114	-11.088
138.084	-11.118
138.054	-11.118
137.994	-11.148
137.964	-11.148
137.904	-11.178
137.709	-11.073
137.649	-11.073
137.559	-10.998
137.484	-10.983
137.394	-10.923
137.379	-10.893
137.349	-10.893
137.319	-10.848
137.139	-10.743
137.109	-10.743
136.929	-10.623
136.854	-10.608
136.824	-10.608
136.794	-10.578
136.614	-10.488
136.584	-10.488
136.434	-10.413
136.404	-10.383
136.344	-10.383
136.254	-10.308
136.224	-10.308
136.164	-10.293
136.134	-10.263
136.134	-10.293
136.044	-10.263
POLYLINE BLACK
138.804	-10.353
POLYLINE BROWN
143.439	-4.563
143.454	-4.533
POLYLINE BROWN
142.104	-6.258
142.134	-6.258
142.254	-6.183
142.494	-5.988
142.524	-5.958
142.554	-5.883
142.584	-5.853
142.674	-5.643
142.749	-5.583
142.824	-5.478
142.869	-5.463
142.989	-5.298
143.064	-5.133
143.064	-5.103
143.139	-4.998
143.169	-4.983
143.169	-4.953
143.304	-4.773
143.349	-4.713
143.379	-4.698
143.379	-4.668
143.454	-4.518
143.454	-4.488
POLYLINE BROWN
141.939	-5.628
141.999	-5.598
142.029	-5.598
142.059	-5.583
142.089	-5.538
142.119	-5.523
142.179	-5.433
142.179	-5.403
142.224	-5.388
142.284	-5.298
142.314	-5.268
142.314	-5.238
142.389	-5.133
142.389	-5.103
142.479	-4.983
142.569	-4.923
142.644	-4.833
142.734	-4.773
142.839	-4.638
142.869	-4.623
142.884	-4.578
143.019	-4.398
143.034	-4.353
143.079	-4.293
143.199	-4.188
POLYLINE BROWN
139.929	-6.768
139.959	-6.768
140.259	-6.633
140.409	-6.543
140.454	-6.543
140.544	-6.498
140.589	-6.498
140.649	-6.468
140.679	-6.468
140.859	-6.348
140.889	-6.318
140.919	-6.318
140.979	-6.243
141.009	-6.228
141.084	-6.123
141.084	-6.093
141.099	-6.033
141.099	-6.003
141.159	-5.838
141.159	-5.808
141.174	-5.748
141.189	-5.673
141.249	-5.463
141.249	-5.373
141.264	-5.343
141.264	-5.238
141.309	-5.073
141.339	-5.043
141.474	-5.043
141.639	-5.148
141.744	-5.388
141.744	-5.418
141.924	-5.583
142.029	-5.613
142.059	-5.643
POLYLINE BROWN
139.719	-8.643
139.749	-8.628
139.899	-8.403
139.959	-8.298
139.959	-8.268
140.109	-8.088
140.124	-8.058
140.124	-8.013
140.139	-7.953
140.169	-7.938
140.229	-7.833
140.409	-7.563
140.454	-7.458
140.514	-7.413
140.589	-7.323
140.619	-7.308
140.754	-7.113
140.754	-7.083
140.814	-6.963
140.904	-6.933
141.024	-6.843
141.054	-6.843
141.219	-6.723
141.249	-6.708
141.264	-6.678
141.354	-6.618
141.369	-6.573
141.399	-6.573
141.504	-6.498
141.534	-6.498
141.654	-6.408
141.699	-6.393
141.729	-6.363
141.759	-6.363
141.819	-6.333
141.849	-6.333
141.939	-6.303
141.969	-6.318
141.999	-6.288
142.059	-6.303
142.104	-6.303
142.194	-6.273
POLYLINE BROWN
135.939	-5.463
POLYLINE BROWN
138.534	-8.298
138.624	-8.298
138.744	-8.268
138.864	-8.268
138.924	-8.223
139.014	-8.223
139.074	-8.208
139.149	-8.118
139.179	-8.103
139.359	-7.863
139.509	-7.743
139.629	-7.533
139.704	-7.278
139.734	-7.218
139.734	-7.188
139.749	-7.128
139.749	-7.098
139.794	-6.948
139.824	-6.888
139.854	-6.873
139.869	-6.828
139.989	-6.723
140.019	-6.723
POLYLINE BROWN
138.534	-9.018
138.564	-9.018
138.669	-9.063
138.729	-9.063
138.789	-9.078
138.849	-9.078
139.074	-8.943
139.134	-8.883
139.164	-8.883
139.449	-8.718
139.479	-8.688
139.509	-8.688
139.569	-8.643
139.629	-8.643
139.719	-8.583
139.779	-8.583
139.809	-8.538
139.839	-8.523
POLYLINE BROWN
138.669	-8.328
138.639	-8.313
138.519	-8.358
138.489	-8.388
138.444	-8.388
138.354	-8.508
138.354	-8.538
138.324	-8.598
138.324	-8.673
138.309	-8.733
138.309	-8.793
138.429	-9.048
138.489	-9.063
138.549	-9.063
138.579	-9.048
138.714	-8.853
138.759	-8.748
138.774	-8.628
138.789	-8.568
138.789	-8.538
138.669	-8.268
POLYLINE BLACK
140.499	-10.278
140.859	-10.518
141.189	-10.848
141.219	-10.968
141.279	-11.028
141.399	-11.298
141.429	-11.448
141.579	-11.748
141.789	-11.988
141.939	-12.078
141.999	-12.138
142.059	-12.138
142.239	-12.288
142.389	-12.318
142.509	-12.438
142.629	-12.468
142.809	-12.588
142.869	-12.558
142.929	-12.618
POLYLINE BLACK
139.839	-8.808
139.719	-8.838
139.599	-8.808
139.479	-8.868
139.419	-8.838
139.299	-8.868
139.239	-8.868
139.149	-8.988
139.149	-9.258
139.179	-9.378
139.389	-9.678
139.539	-9.918
139.779	-10.068
139.839	-10.038
139.899	-10.068
140.049	-10.068
140.469	-10.248
140.679	-10.428
POLYLINE BLACK
136.839	-8.778
137.079	-8.898
137.229	-8.928
137.499	-8.988
137.739	-8.988
137.859	-9.018
137.979	-9.018
138.039	-8.988
138.099	-9.018
138.219	-8.988
138.339	-9.018
138.459	-9.078
138.549	-9.258
138.549	-9.468
POLYLINE BLACK
137.019	-8.778
136.779	-8.778
136.509	-8.688
136.359	-8.538
136.269	-8.418
136.569	-8.118
136.719	-8.028
136.839	-7.998
137.019	-7.878
137.139	-7.878
137.259	-7.848
137.649	-7.848
137.829	-7.788
138.189	-7.848
138.459	-7.758
138.789	-7.728
138.909	-7.698
139.059	-7.698
139.119	-7.668
139.179	-7.698
139.299	-7.668
139.419	-7.668
139.479	-7.638
139.599	-7.698
139.779	-7.638
139.959	-7.638
140.079	-7.668
140.139	-7.728
140.259	-7.728
140.499	-8.028
140.499	-8.178
140.439	-8.358
140.259	-8.538
140.259	-8.598
140.139	-8.688
140.019	-8.688
139.959	-8.748
139.839	-8.748
139.779	-8.778
139.629	-8.718
139.509	-8.718
POLYLINE BLACK
139.729	-8.538
139.749	-8.578
POLYLINE BLACK
139.729	-8.638
139.809	-8.658
139.849	-8.618
139.929	-8.638
139.969	-8.598
POLYLINE BLACK
137.769	-9.038
137.649	-8.998
137.609	-9.018
137.529	-8.958
137.489	-8.958
POLYLINE BLACK
137.909	-9.038
POLYLINE BLACK
137.629	-8.998
137.549	-9.018
137.469	-8.958
137.389	-8.938
POLYLINE BLACK
137.789	-9.058
POLYLINE BLACK
138.149	-9.058
138.109	-9.098
137.989	-9.118
137.909	-9.098
POLYLINE BLACK
138.689	-10.398
138.529	-10.298
138.489	-10.158
138.489	-9.978
138.509	-9.838
138.509	-9.618
138.529	-9.578
138.469	-9.418
138.389	-9.298
138.289	-9.198
138.229	-9.138
138.149	-9.078
138.109	-9.078
POLYLINE BLACK
138.489	-10.298
138.489	-10.058
138.549	-9.898
138.569	-9.738
138.569	-9.638
138.589	-9.558
POLYLINE BLACK
141.109	-13.498
140.989	-13.318
140.689	-13.078
140.489	-12.898
140.429	-12.878
140.249	-12.678
140.189	-12.658
139.929	-12.198
139.869	-12.018
139.809	-11.918
139.669	-11.598
139.309	-11.078
139.249	-11.018
139.149	-10.858
138.909	-10.578
138.629	-10.358
POLYLINE BLACK
142.749	-15.338
142.449	-15.178
142.189	-14.818
142.129	-14.758
142.009	-14.538
141.869	-14.378
141.589	-14.018
141.569	-13.958
141.249	-13.678
141.129	-13.598
141.109	-13.558
POLYLINE BLACK
142.774	-15.363
142.774	-15.393
142.789	-15.363
142.849	-15.363
142.879	-15.378
142.939	-15.333
142.969	-15.333
142.999	-15.348
143.059	-15.333
143.119	-15.348
143.149	-15.348
143.224	-15.468
143.224	-15.588
143.209	-15.618
143.209	-15.663
143.194	-15.693
143.194	-15.738
143.179	-15.813
143.179	-15.843
143.164	-15.903
143.164	-16.083
143.194	-16.203
143.194	-16.233
143.224	-16.293
143.224	-16.323
143.299	-16.413
143.389	-16.458
143.419	-16.458
143.449	-16.473
143.464	-16.503
143.524	-16.548
143.554	-16.593
143.614	-16.638
143.704	-16.743
143.764	-16.788
143.839	-16.878
143.989	-16.983
144.124	-17.088
144.154	-17.088
144.169	-17.118
144.259	-17.178
144.259	-17.208
144.349	-17.313
144.514	-17.643
144.574	-17.778
144.574	-17.808
144.589	-17.868
144.589	-18.093
144.619	-18.228
144.664	-18.288
144.784	-18.378
144.814	-18.423
144.934	-18.483
145.054	-18.588
145.069	-18.633
145.219	-18.813
145.279	-18.903
145.324	-18.963
145.354	-18.963
145.444	-19.038
145.504	-19.053
145.534	-19.083
POLYLINE BLACK
142.744	-12.558
142.819	-12.648
142.849	-12.723
142.879	-12.753
142.894	-12.798
142.999	-12.963
143.134	-13.203
143.254	-13.368
143.329	-13.413
143.494	-13.608
143.599	-13.788
143.689	-13.998
143.749	-14.073
143.914	-14.388
143.989	-14.478
144.034	-14.583
144.064	-14.613
144.094	-14.688
144.169	-14.808
144.289	-15.033
144.394	-15.243
144.454	-15.333
144.484	-15.423
144.529	-15.483
144.544	-15.528
144.589	-15.588
144.619	-15.603
144.634	-15.633
144.664	-15.648
144.934	-15.948
144.964	-16.008
144.994	-16.023
145.054	-16.113
145.084	-16.128
145.099	-16.158
POLYLINE BLACK
145.479	-12.693
145.479	-12.663
145.509	-12.573
145.529	-12.493
145.589	-12.313
145.619	-12.223
145.659	-12.163
145.719	-11.993
145.719	-11.963
145.799	-11.743
145.849	-11.663
145.849	-11.613
145.879	-11.503
145.939	-11.333
145.949	-11.293
146.009	-11.093
146.029	-11.053
146.029	-11.023
146.049	-10.943
146.049	-10.903
146.059	-10.853
146.059	-10.783
146.069	-10.743
146.079	-10.683
146.069	-10.653
146.029	-10.663
146.009	-10.643
145.979	-10.673
145.939	-10.683
145.919	-10.703
145.899	-10.703
145.859	-10.763
145.759	-10.863
145.729	-10.913
145.679	-10.943
145.549	-11.053
145.479	-11.163
145.429	-11.223
145.379	-11.313
145.339	-11.373
145.309	-11.483
145.289	-11.503
145.279	-11.543
145.249	-11.633
145.249	-11.663
145.219	-11.743
145.199	-11.863
145.179	-11.923
145.179	-11.973
145.149	-12.033
145.119	-12.153
145.069	-12.323
145.059	-12.363
145.059	-12.383
145.029	-12.403
145.019	-12.443
144.989	-12.483
144.989	-12.513
144.959	-12.553
144.929	-12.703
144.919	-12.783
144.919	-12.943
144.929	-13.023
144.929	-13.153
144.939	-13.193
144.939	-13.273
144.949	-13.343
144.949	-13.413
144.959	-13.453
144.959	-13.523
144.969	-13.563
144.979	-13.653
145.009	-13.733
145.009	-13.753
POLYLINE BLACK
144.979	-13.783
145.039	-13.823
145.099	-13.823
145.129	-13.833
145.209	-13.813
145.249	-13.813
145.289	-13.803
145.339	-13.743
145.369	-13.683
145.409	-13.463
145.399	-13.443
145.409	-13.373
145.409	-13.283
145.429	-13.203
145.429	-12.983
145.449	-12.923
145.449	-12.873
145.519	-12.663
145.519	-12.643
POLYLINE CONNECT
145.339	-12.733
145.529	-18.088
POLYLINE BLACK
147.299	-20.573
147.179	-20.493
147.119	-20.473
146.759	-20.153
146.419	-19.773
146.139	-19.493
145.939	-19.273
145.899	-19.273
145.779	-19.173
145.599	-19.073
145.519	-19.013
POLYLINE BLACK
144.819	-16.053
144.859	-16.053
145.099	-16.233
145.219	-16.333
145.499	-16.473
POLYLINE BLACK
148.959	-17.893
148.699	-17.813
148.619	-17.813
148.339	-17.733
148.279	-17.733
148.119	-17.693
147.979	-17.693
147.679	-17.593
147.239	-17.453
147.039	-17.333
146.959	-17.313
146.679	-17.193
146.599	-17.173
146.299	-17.033
146.199	-17.033
146.039	-16.973
145.959	-16.953
145.819	-16.813
145.779	-16.813
145.619	-16.613
145.599	-16.553
145.419	-16.393
145.419	-16.353
POLYLINE BLACK
150.719	-21.943
150.729	-21.963
150.749	-21.953
150.819	-21.973
150.859	-21.963
150.909	-21.963
150.929	-21.973
150.969	-21.963
151.019	-21.963
151.039	-21.973
151.079	-21.963
151.119	-21.963
151.159	-21.973
151.219	-21.973
151.269	-21.963
151.319	-21.913
151.349	-21.873
151.369	-21.773
151.359	-21.703
151.359	-21.663
151.349	-21.623
151.329	-21.533
151.299	-21.473
151.289	-21.433
151.269	-21.383
151.229	-21.323
151.219	-21.283
151.189	-21.223
151.179	-21.183
151.109	-21.033
151.059	-20.973
150.979	-20.953
150.919	-20.933
150.879	-20.933
150.839	-20.943
150.759	-21.033
150.759	-21.053
150.709	-21.133
150.709	-21.153
150.679	-21.203
150.679	-21.263
150.669	-21.313
150.669	-21.413
150.689	-21.503
150.689	-21.543
150.699	-21.583
150.709	-21.673
150.709	-21.763
150.729	-21.873
150.729	-21.933
POLYLINE CONNECT
151.009	-21.693
150.855	-18.585
POLYLINE BLACK
153.219	-18.073
153.289	-18.073
153.329	-18.083
153.369	-18.083
153.409	-18.093
153.459	-18.093
153.479	-18.103
153.519	-18.083
153.539	-18.093
POLYLINE BLACK
153.379	-18.073
153.329	-18.073
153.269	-18.093
153.189	-18.083
153.139	-18.083
153.119	-18.093
153.079	-18.083
153.029	-18.093
152.929	-18.093
152.909	-18.083
152.799	-18.113
152.729	-18.103
152.579	-18.143
152.499	-18.123
152.479	-18.133
152.449	-18.123
152.409	-18.133
152.329	-18.123
152.149	-18.123
152.099	-18.113
152.079	-18.123
152.039	-18.113
151.989	-18.113
151.949	-18.123
151.929	-18.113
151.809	-18.153
POLYLINE BLACK
151.669	-17.493
151.759	-17.513
151.779	-17.503
151.819	-17.513
151.839	-17.503
151.889	-17.523
151.909	-17.513
151.949	-17.523
151.989	-17.523
152.009	-17.543
152.049	-17.543
152.069	-17.563
152.109	-17.573
152.269	-17.693
152.279	-17.713
152.319	-17.723
152.369	-17.753
152.409	-17.753
152.479	-17.773
152.499	-17.763
152.519	-17.783
152.669	-17.783
152.709	-17.793
152.779	-17.793
152.839	-17.823
152.889	-17.813
152.969	-17.823
153.009	-17.823
153.129	-17.843
153.209	-17.843
153.259	-17.833
153.339	-17.843
153.459	-17.843
153.499	-17.833
153.519	-17.843
POLYLINE BLACK
151.889	-18.113
151.889	-18.153
151.709	-18.273
151.689	-18.313
151.649	-18.313
151.549	-18.433
151.509	-18.433
151.369	-18.573
151.229	-18.653
151.209	-18.693
151.169	-18.693
150.969	-18.813
150.869	-18.833
150.789	-18.853
150.709	-18.873
150.609	-18.893
150.449	-18.893
150.409	-18.913
150.329	-18.893
150.289	-18.893
150.249	-18.933
150.249	-18.893
150.169	-18.913
149.929	-18.973
149.849	-18.973
149.829	-19.013
149.749	-19.033
149.709	-19.073
149.669	-19.073
149.589	-19.193
149.509	-19.313
149.469	-19.493
149.389	-19.513
149.369	-19.593
149.089	-19.813
149.069	-19.853
148.969	-19.853
148.809	-19.973
148.729	-20.073
148.729	-20.113
148.609	-20.313
148.549	-20.393
148.529	-20.473
148.489	-20.573
148.389	-20.693
148.389	-20.753
148.309	-20.953
148.129	-21.173
148.049	-21.293
147.769	-21.473
147.709	-21.533
147.629	-21.553
147.569	-21.613
147.529	-21.593
147.509	-21.633
147.489	-21.593
147.309	-21.613
147.229	-21.633
147.149	-21.633
147.069	-21.613
146.949	-21.613
146.909	-21.593
146.869	-21.613
146.689	-21.573
146.529	-21.553
146.449	-21.533
146.329	-21.573
146.289	-21.533
146.249	-21.553
146.209	-21.533
146.169	-21.553
146.129	-21.513
146.089	-21.533
146.029	-21.373
146.009	-21.193
146.009	-20.633
145.989	-20.553
145.989	-20.253
146.049	-20.093
146.189	-19.953
146.229	-19.953
POLYLINE BLACK
146.129	-19.993
146.169	-19.973
146.249	-19.993
146.389	-19.993
146.469	-19.973
146.549	-19.973
146.709	-19.873
146.769	-19.873
146.969	-19.753
147.089	-19.653
147.169	-19.613
147.169	-19.573
147.509	-19.273
147.849	-18.913
148.209	-18.493
148.249	-18.413
148.629	-18.053
148.749	-17.973
148.809	-17.913
148.849	-17.913
148.889	-17.873
149.029	-17.893
149.109	-17.853
149.149	-17.873
149.189	-17.853
149.229	-17.873
149.269	-17.853
149.349	-17.873
149.469	-17.873
149.549	-17.853
149.769	-17.853
149.849	-17.833
149.929	-17.853
150.049	-17.853
150.129	-17.873
150.189	-17.873
150.269	-17.853
150.349	-17.853
150.389	-17.873
150.549	-17.833
150.609	-17.833
150.649	-17.793
150.709	-17.793
150.789	-17.733
150.949	-17.693
151.109	-17.613
151.149	-17.633
151.229	-17.573
151.309	-17.573
151.389	-17.553
151.449	-17.553
151.629	-17.473
151.709	-17.453
151.749	-17.473
151.789	-17.453
