TRIP
DATE 2017-03-11 
DECLINATION     0.00
DATA
11.37	18.0	0.00	0.00	0.000	>
18.0		262.33	16.74	0.587	>
18.0		352.01	12.81	0.848	>
18.0		21.02	22.65	0.813	>
18.0		182.60	-86.57	0.368	>
18.0		342.45	65.27	1.419	>
18.0	18.1	345.96	61.74	1.445	>
18.1		94.84	2.92	0.451	>
18.1		301.13	-81.09	1.124	>
18.1		117.34	70.17	0.488	>
18.1		347.79	-4.59	0.512	>
18.1	18.2	1.49	62.83	1.851	>
18.2		227.55	-2.27	0.430	>
18.2		245.70	73.25	2.707	>
18.2		132.39	-82.74	1.596	>
18.2	18.3	164.83	41.20	3.408	>
18.3		245.36	-2.55	0.360	>
18.3		114.69	-81.58	0.932	>
18.3		299.16	80.97	1.765	>
18.3	18.4	158.99	4.53	1.696	>
18.4		257.32	-2.69	0.534	>
18.4		238.82	83.98	0.423	>
18.4		208.22	-86.09	0.683	>
18.5	18.4	26.59	-6.52	1.232	>
18.5		101.81	0.14	0.406	>
18.5		111.40	-76.97	0.705	>
18.5		77.66	78.57	0.165	>
18.5		274.35	-31.27	0.231	>
18.5		180.19	17.46	0.317	>
18.5	18.6	163.29	2.12	3.981	>
18.6		71.36	14.61	0.630	>
18.6		39.17	45.17	0.474	>
18.6		50.94	-71.64	0.781	>
18.6	18.7	132.36	-6.51	0.820	>
18.7		254.43	18.51	0.460	>
18.7		271.61	-19.86	0.265	>
18.7		249.76	6.08	0.151	>
18.7		305.33	70.87	0.681	>
18.7		166.97	9.43	2.014	>
18.7	18.8	207.54	-76.19	4.421	>
18.3	18.9	324.62	5.18	1.649	<
18.9		70.95	2.74	0.586	<
18.9		63.85	37.74	0.542	<
18.9		122.29	-65.85	2.082	<
18.9	18.10	335.71	17.27	4.477	<
18.10		242.66	5.74	0.300	<
18.10		70.21	0.18	0.322	<
18.10		332.84	73.64	1.229	<

PLAN
STATIONS
-52.267	19.901	18.0
-52.433	20.565	18.1
-52.411	21.410	18.2
-51.740	18.935	18.3
-51.134	17.357	18.4
-51.682	16.262	18.5
-50.538	12.452	18.6
-49.936	11.903	18.7
-50.424	10.967	18.8
-52.691	20.274	18.9
-54.450	24.171	18.10
-49.191	18.966	18.3
-50.078	16.229	18.5
SHOTS
-52.691	20.274	-54.450	24.171
-54.450	24.171	-54.715	24.034
-54.450	24.171	-54.147	24.280
-54.450	24.171	-54.608	24.479
-51.740	18.935	-52.691	20.274
-52.691	20.274	-52.138	20.465
-52.691	20.274	-52.306	20.463
-52.691	20.274	-51.971	19.819
-49.936	11.903	-50.424	10.967
-50.538	12.452	-49.936	11.903
-49.936	11.903	-50.356	11.786
-49.936	11.903	-50.185	11.910
-49.936	11.903	-50.077	11.851
-49.936	11.903	-50.118	12.032
-49.936	11.903	-49.488	9.967
-51.682	16.262	-50.538	12.452
-50.538	12.452	-49.960	12.647
-50.538	12.452	-50.327	12.711
-50.538	12.452	-50.347	12.607
-51.134	17.357	-51.682	16.262
-51.682	16.262	-51.285	16.179
-51.682	16.262	-51.534	16.204
-51.682	16.262	-51.650	16.269
-51.682	16.262	-51.879	16.277
-51.682	16.262	-51.683	15.960
-51.740	18.935	-51.134	17.357
-51.134	17.357	-51.654	17.240
-51.134	17.357	-51.172	17.334
-51.134	17.357	-51.156	17.316
-52.411	21.410	-51.740	18.935
-51.740	18.935	-52.067	18.785
-51.740	18.935	-51.616	18.878
-51.740	18.935	-51.982	19.070
-52.433	20.565	-52.411	21.410
-52.411	21.410	-52.728	21.120
-52.411	21.410	-53.122	21.089
-52.411	21.410	-52.262	21.274
-52.267	19.901	-52.433	20.565
-52.433	20.565	-51.984	20.527
-52.433	20.565	-52.582	20.655
-52.433	20.565	-52.286	20.489
-52.433	20.565	-52.541	21.064
-52.267	19.901	-52.267	19.901
-52.267	19.901	-52.824	19.826
-52.267	19.901	-52.382	20.720
-52.267	19.901	-51.998	20.601
-52.267	19.901	-52.268	19.879
-52.267	19.901	-52.446	20.467
-49.191	18.966	-48.833	18.950	
-49.191	18.966	-49.291	18.044	
-49.191	18.966	-49.004	20.709	
-50.078	16.229	-50.471	16.230	
-50.078	16.229	-50.236	15.542	
-50.078	16.229	-50.104	16.391	
-50.078	16.229	-49.895	16.109	
-50.078	16.229	-50.212	16.324	
POLYLINE BLACK
-52.746	21.221
-52.851	21.341
-52.881	21.416
-52.971	21.491
-53.016	21.551
-53.121	21.611
-53.211	21.656
-53.286	21.776
-53.301	21.821
-53.376	21.911
-53.406	21.926
-53.421	21.971
-53.586	22.196
-53.631	22.286
-53.631	22.316
-53.661	22.376
-53.676	22.451
-53.721	22.511
-53.841	22.601
-53.871	22.676
-54.006	22.856
-54.021	22.886
-54.081	22.931
-54.111	22.991
POLYLINE BLACK
-52.431	21.506
-52.476	21.626
-52.536	21.671
-52.581	21.731
-52.641	21.761
-52.671	21.806
-52.761	21.881
-52.821	21.986
-52.911	22.136
-52.971	22.211
-53.016	22.226
-53.136	22.391
-53.211	22.556
-53.271	22.601
-53.361	22.736
-53.451	22.931
-53.586	23.111
-53.601	23.141
POLYLINE BROWN
-51.876	19.781
-51.951	19.871
-51.981	19.886
-51.981	19.916
-52.071	20.111
-52.146	20.231
-52.206	20.381
-52.251	20.441
-52.281	20.531
-52.431	20.741
-52.506	20.906
-52.566	20.966
-52.611	21.071
-52.731	21.251
-52.731	21.281
-52.761	21.311
-52.776	21.386
-52.881	21.551
-53.016	21.731
-53.016	21.761
-53.091	21.896
-53.091	21.926
-53.211	22.166
-53.376	22.661
-53.391	22.736
-53.451	22.841
-53.601	23.126
-53.631	23.156
-53.706	23.351
-53.766	23.441
-53.856	23.651
-53.856	23.696
-53.931	23.816
-53.961	23.846
-53.991	23.921
-54.036	23.981
-54.036	24.011
-54.081	24.116
-54.186	24.281
-54.231	24.341
-54.231	24.371
-54.261	24.431
POLYLINE BROWN
-54.621	23.771
-54.636	23.801
-54.636	23.846
-54.651	23.906
-54.726	23.966
-54.786	24.056
-54.801	24.101
-54.831	24.131
-54.756	24.086
-54.651	23.906
POLYLINE BROWN
-54.801	24.056
-54.756	23.996
-54.741	23.921
-54.711	23.891
-54.711	23.861
POLYLINE BROWN
-54.666	23.846
-54.546	23.666
-54.591	23.771
-54.126	23.051
-54.081	22.946
-54.081	22.916
-54.051	22.856
-54.051	22.811
-53.916	22.511
-53.841	22.391
-53.781	22.226
-53.631	21.926
-53.571	21.776
-53.526	21.716
-53.511	21.641
-53.436	21.431
-53.331	21.221
-53.301	21.191
-53.271	21.116
-53.166	20.966
-52.911	20.456
-52.836	20.291
-52.656	20.021
-52.641	19.946
POLYLINE BROWN
-54.921	24.401
POLYLINE BLACK
-54.841	24.286
-54.841	24.266
-54.801	24.206
-54.771	24.136
-54.751	24.116
-54.741	24.076
-54.701	24.006
-54.681	23.986
POLYLINE BLACK
-54.801	24.156
-54.841	24.266
-54.841	24.326
-54.881	24.406
-54.881	24.436
-54.891	24.476
-54.911	24.556
-54.941	24.646
-54.941	24.726
-54.951	24.766
-54.951	24.826
-54.921	24.916
-54.911	24.936
-54.871	24.946
-54.831	24.976
-54.771	24.956
-54.721	24.966
-54.641	24.966
-54.621	24.946
-54.581	24.936
-54.461	24.826
-54.431	24.776
-54.351	24.676
-54.321	24.606
-54.301	24.586
-54.301	24.556
-54.281	24.536
-54.281	24.516
-54.261	24.496
-54.261	24.476
-54.221	24.436
-54.161	24.276
POLYLINE BLACK
-49.281	19.426
-49.291	19.456
-49.261	19.566
-49.231	19.646
-49.211	19.666
-49.211	19.816
-49.221	19.856
-49.221	19.916
-49.211	19.936
-49.211	19.886
POLYLINE BLACK
-49.321	19.016
-49.301	18.956
-49.331	18.846
-49.361	18.726
-49.361	18.526
POLYLINE BLACK
-49.341	18.976
-49.351	18.886
-49.351	18.816
-49.371	18.726
-49.371	18.586
-49.351	18.476
-49.351	18.426
-49.361	18.386
-49.361	18.316
-49.351	18.276
-49.351	18.046
-49.331	18.026
-49.271	18.026
-49.231	17.996
-49.131	17.976
-49.091	17.976
-49.031	18.026
-49.001	18.096
-49.001	18.126
-48.971	18.186
-48.961	18.236
-48.951	18.286
-48.951	18.326
-48.941	18.366
-48.941	18.416
-48.931	18.456
-48.901	18.606
-48.901	18.696
-48.911	18.736
-48.911	18.806
-48.921	18.846
-48.921	18.896
-48.931	18.936
-48.931	18.996
POLYLINE BLACK
-49.261	19.846
-49.291	19.796
-49.311	19.676
-49.311	19.626
-49.231	19.386
POLYLINE BLACK
-49.281	19.756
-49.291	19.706
-49.281	19.666
-49.231	19.466
-49.231	19.436
-49.241	19.396
-49.241	19.356
-49.261	19.296
-49.261	19.266
-49.271	19.226
-49.271	19.036
-49.261	18.986
-49.271	18.946
-49.271	18.926
POLYLINE BLACK
-49.201	20.376
-49.191	20.426
-49.161	20.546
-49.161	20.576
-49.141	20.636
-49.131	20.676
-49.101	20.736
-49.081	20.746
-49.011	20.626
-49.011	20.546
-48.991	20.486
-48.991	20.456
-48.971	20.396
-48.971	20.346
-48.961	20.266
-48.961	20.206
-48.971	20.166
-48.971	20.106
-48.981	20.066
-48.971	20.026
-48.981	19.976
-48.981	19.936
-48.941	19.876
-48.941	19.836
-48.931	19.796
-48.931	19.736
-48.921	19.626
-48.921	19.586
-48.901	19.506
-48.901	19.456
-48.911	19.416
-48.881	19.286
-48.881	19.246
-48.911	19.186
-48.911	19.126
-48.901	19.086
-48.901	19.036
-48.891	19.016
-48.901	18.976
-48.891	18.936
POLYLINE BLACK
-49.171	20.426
-49.161	20.396
-49.191	20.266
-49.191	20.126
-49.171	20.036
-49.181	19.996
-49.201	19.886
-49.201	19.736
-49.211	19.696
POLYLINE CONNECT
-49.191	18.966
-51.740	18.935
POLYLINE BLACK
-50.051	9.976
-49.971	9.966
POLYLINE BLACK
-50.111	9.926
-50.091	9.946
-50.051	9.946
POLYLINE BLACK
-50.231	9.926
-50.211	9.926
-50.171	9.956
POLYLINE BLACK
-50.521	10.526
-50.511	10.406
-50.501	10.316
POLYLINE BLACK
-50.241	10.346
-50.201	10.306
-50.201	10.276
-50.191	10.226
-50.191	10.046
-50.231	9.926
-50.271	9.896
-50.371	9.996
-50.421	10.116
-50.421	10.136
-50.441	10.176
-50.441	10.226
-50.451	10.266
-50.431	10.406
POLYLINE BLACK
-50.591	10.976
-50.561	11.046
-50.481	11.126
-50.441	11.126
-50.401	11.116
-50.381	11.126
-50.291	11.036
-50.261	10.946
-50.241	10.776
-50.231	10.736
-50.221	10.626
-50.221	10.596
-50.211	10.556
-50.201	10.476
-50.201	10.266
POLYLINE BLACK
-50.581	10.966
-50.551	10.916
-50.551	10.866
-50.541	10.796
-50.521	10.726
-50.501	10.626
-50.491	10.536
-50.481	10.486
-50.481	10.376
POLYLINE BLACK
-50.481	11.896
POLYLINE BLACK
-49.551	10.136
-49.481	10.056
POLYLINE BLACK
-49.661	10.096
-49.651	10.056
-49.641	10.006
-49.631	9.986
POLYLINE BLACK
-49.801	10.076
-49.771	9.996
POLYLINE BLACK
-49.891	10.106
-49.901	10.026
POLYLINE BLACK
-50.001	12.156
-50.001	12.126
-50.031	12.036
POLYLINE BLACK
-50.161	12.236
-50.151	12.196
-50.151	12.146
POLYLINE BLACK
-50.301	12.156
-50.241	12.106
POLYLINE BLACK
-50.391	12.096
-50.321	12.066
POLYLINE BLACK
-50.411	11.926
-50.411	12.076
-50.331	12.176
-50.171	12.266
-50.091	12.266
-49.991	12.206
-49.881	12.056
POLYLINE GREEN
-47.271	9.076
-47.281	9.116
-47.311	9.146
-47.351	9.136
POLYLINE GREEN
-47.631	9.156
-47.671	9.146
-47.771	9.086
-47.761	8.896
-47.751	8.876
-47.701	8.856
POLYLINE GREEN
-46.511	9.166
-46.531	9.186
-46.571	9.186
POLYLINE GREEN
-46.441	9.386
-46.391	9.376
-46.281	9.366
-46.261	9.356
-46.171	9.366
POLYLINE GREEN
-46.521	9.186
-46.521	9.206
-46.511	9.186
POLYLINE GREEN
-46.241	9.596
-46.241	9.566
-46.271	9.496
-46.291	9.336
-46.291	9.286
-46.301	9.226
-46.301	8.946
-46.261	8.826
-46.151	8.776
-46.111	8.786
-45.991	8.866
-45.901	8.966
-45.871	9.056
-45.871	9.106
-45.901	9.136
-45.941	9.146
-46.051	9.036
-46.071	8.996
-46.071	8.946
-46.041	8.876
-45.931	8.756
-45.841	8.756
-45.811	8.766
POLYLINE GREEN
-47.711	8.876
-47.661	8.876
-47.501	8.956
-47.401	9.026
-47.341	9.106
-47.431	9.066
-47.461	8.976
-47.461	8.946
-47.411	8.866
-47.391	8.846
-47.331	8.856
-47.261	8.936
-47.231	8.986
-47.231	9.066
-47.251	9.006
-47.231	8.916
-47.201	8.876
-47.151	8.936
-47.071	9.136
-47.051	9.216
-46.981	9.376
-46.981	9.416
-46.991	9.456
-46.991	9.536
-47.001	9.436
-47.001	8.976
-46.991	8.926
-46.991	8.816
-46.971	8.816
-46.851	8.936
-46.741	9.016
-46.681	9.106
-46.721	9.116
-46.761	9.076
-46.801	8.966
-46.801	8.936
-46.811	8.896
-46.751	8.806
-46.651	8.876
-46.581	8.966
-46.531	9.066
-46.521	9.046
-46.541	8.996
-46.521	8.946
-46.521	8.856
-46.531	8.816
-46.481	8.826
-46.391	8.916
-46.331	9.036
-46.331	9.066
-46.291	9.186
-46.291	9.216
-46.271	9.306
-46.261	9.386
POLYLINE GREEN
-47.641	9.156
-47.671	9.126
-47.681	9.106
POLYLINE GREEN
-46.051	9.846
-46.031	9.866
-46.011	9.866
-45.881	9.936
-45.831	10.066
-45.831	10.096
-45.871	10.096
-45.941	10.106
-45.961	10.106
-46.031	10.016
-46.081	9.946
-46.081	9.886
-46.051	9.796
-46.001	9.746
-45.961	9.736
-45.891	9.786
-45.731	9.986
-45.731	9.926
-45.751	9.826
-45.711	9.946
-45.711	9.976
-45.691	10.016
-45.631	10.056
-45.561	10.066
-45.441	10.036
POLYLINE GREEN
-45.701	9.996
-45.681	9.996
POLYLINE GREEN
-45.761	9.896
-45.761	9.786
-45.741	9.746
-45.721	9.736
POLYLINE GREEN
-46.001	10.036
-46.011	9.986
-46.031	9.926
-46.031	9.816
-45.981	9.746
-45.941	9.756
-45.901	9.786
-45.881	9.886
POLYLINE GREEN
-46.701	10.016
-46.731	10.026
-46.751	10.006
-46.791	9.996
-46.841	9.936
-46.851	9.896
-46.851	9.866
-46.801	9.786
-46.761	9.766
-46.711	9.766
-46.671	9.786
-46.601	9.896
-46.591	9.936
-46.621	9.976
-46.691	9.996
-46.631	9.966
-46.531	9.946
-46.491	9.926
-46.451	9.946
-46.421	9.976
-46.371	10.026
-46.371	9.936
-46.351	9.846
-46.351	9.736
-46.301	9.796
-46.271	9.846
-46.191	9.946
-46.161	9.986
-46.141	9.986
-46.111	9.916
-46.061	9.896
-46.001	9.926
POLYLINE GREEN
-47.811	10.196
-47.851	10.206
-47.921	10.226
-47.911	10.206
-47.871	10.206
-47.851	10.196
POLYLINE GREEN
-47.301	10.316
-47.321	10.336
-47.331	10.386
-47.351	10.426
-47.351	10.316
-47.321	10.156
-47.321	10.106
-47.311	10.056
-47.311	10.026
-47.321	9.976
-47.321	9.846
-47.331	9.806
-47.331	9.766
-47.301	9.836
-47.231	9.936
-47.201	9.986
-47.181	9.996
-47.121	9.866
-47.121	9.716
POLYLINE GREEN
-47.791	9.786
-47.811	9.776
-47.791	9.776
-47.641	9.856
-47.561	9.906
-47.491	9.936
-47.451	9.966
-47.471	9.986
-47.561	9.946
-47.621	9.886
-47.651	9.836
-47.651	9.736
-47.591	9.686
-47.571	9.686
-47.471	9.756
-47.391	9.856
-47.371	9.926
-47.381	9.966
-47.421	9.976
-47.471	9.956
-47.521	9.906
-47.521	9.876
-47.491	9.766
-47.401	9.596
-47.401	9.516
-47.551	9.416
-47.711	9.396
-47.731	9.396
POLYLINE GREEN
-48.231	10.246
-48.211	10.306
-48.211	10.306
-48.211	10.156
-48.201	10.046
-48.201	9.906
-48.191	9.886
-48.191	9.816
-48.111	9.936
-48.061	9.986
-48.021	10.046
-48.001	10.056
-47.991	10.016
-47.991	9.796
-47.951	9.836
-47.871	9.976
-47.831	10.006
-47.821	9.956
-47.831	9.886
-47.831	9.856
-47.811	9.796
-47.791	9.796
POLYLINE GREEN
-48.511	10.186
-48.491	10.276
-48.481	10.296
POLYLINE GREEN
-48.651	10.216
-48.631	10.316
-48.611	10.356
POLYLINE GREEN
-48.781	10.286
-48.801	10.296
-48.881	10.266
-48.921	10.206
-48.921	10.176
-48.931	10.136
-48.931	10.106
-48.971	9.986
-48.971	9.936
-48.941	9.846
-48.891	9.836
-48.821	9.906
-48.771	9.956
-48.811	10.026
-48.851	10.036
-48.911	10.026
POLYLINE GREEN
-49.631	9.746
-49.611	9.736
-49.271	9.826
-49.201	9.846
-49.181	9.846
POLYLINE BLACK
-49.451	10.076
-49.461	10.036
-49.461	9.986
-49.451	9.916
-49.451	9.866
-49.381	9.696
-49.331	9.546
POLYLINE BLACK
-49.971	10.036
-49.971	9.976
-49.951	9.926
-49.951	9.896
-49.911	9.796
-49.911	9.766
-49.851	9.636
-49.821	9.596
-49.801	9.546
-49.781	9.526
POLYLINE BLACK
-50.421	11.856
-50.381	11.806
-50.351	11.636
-50.371	11.506
-50.371	11.436
-50.341	11.376
-50.341	11.356
-50.301	11.296
-50.241	11.086
-50.231	11.036
-50.191	10.866
-50.101	10.596
-50.071	10.506
-50.061	10.456
-50.061	10.386
-50.031	10.276
-50.031	10.246
-50.011	10.206
-50.011	10.176
-49.981	10.116
-49.971	10.066
-49.931	10.006
-49.831	9.956
-49.751	9.936
-49.731	9.946
-49.711	9.936
-49.671	9.946
-49.631	9.946
-49.611	9.956
-49.561	9.946
-49.521	9.956
-49.481	9.966
-49.431	10.026
-49.421	10.086
-49.461	10.226
-49.481	10.286
-49.481	10.316
-49.521	10.476
-49.581	10.626
-49.581	10.676
-49.591	10.716
-49.601	10.806
-49.621	10.916
-49.651	11.056
-49.661	11.096
-49.681	11.176
-49.711	11.276
-49.711	11.306
-49.741	11.416
-49.741	11.466
-49.761	11.506
-49.771	11.586
-49.851	11.766
-49.861	11.816
-49.891	11.876
-49.901	11.916
POLYLINE BLACK
-50.311	11.246
-50.281	11.176
POLYLINE BLACK
-50.371	11.596
POLYLINE BLACK
-50.601	12.426
-50.561	12.376
-50.541	12.276
-50.481	12.146
-50.471	12.106
-50.411	11.976
-50.371	11.916
-50.351	11.816
-50.351	11.746
POLYLINE BLACK
-50.021	12.746
-49.991	12.606
-49.991	12.576
-49.951	12.416
-49.951	12.376
-49.911	12.196
-49.901	12.116
-49.891	12.076
-49.881	12.036
-49.871	11.926
-49.871	11.906
POLYLINE BLACK
-49.961	12.696
-49.991	12.736
-50.011	12.786
-50.051	12.826
-50.071	12.906
-50.081	12.946
-50.091	13.036
-50.131	13.126
-50.131	13.166
-50.171	13.256
-50.171	13.276
-50.231	13.376
-50.251	13.436
-50.251	13.486
-50.321	13.676
-50.351	13.746
-50.411	13.846
-50.481	13.976
-50.491	14.026
-50.521	14.066
-50.521	14.096
-50.571	14.206
-50.601	14.246
-50.621	14.296
-50.711	14.426
-50.781	14.536
-50.821	14.576
-50.851	14.646
-50.931	14.766
-50.951	14.806
-50.951	14.836
-51.051	15.036
-51.101	15.096
-51.151	15.186
-51.161	15.226
-51.201	15.356
-51.201	15.406
-51.211	15.476
-51.221	15.566
-51.251	15.656
-51.271	15.776
-51.301	15.916
-51.301	16.076
-51.311	16.146
-51.311	16.186
-51.331	16.246
POLYLINE BLACK
-51.911	16.316
-51.901	16.276
-51.891	16.186
-51.851	16.036
-51.801	15.876
-51.791	15.836
-51.721	15.616
-51.721	15.586
-51.701	15.526
-51.691	15.466
-51.661	15.336
-51.661	15.296
-51.651	15.266
-51.651	15.216
-51.611	15.066
-51.521	14.846
-51.471	14.736
-51.451	14.646
-51.441	14.606
-51.431	14.516
-51.401	14.406
-51.351	14.286
-51.331	14.266
-51.321	14.226
-51.311	14.206
-51.311	14.226
-51.281	14.156
-51.221	14.096
-51.141	13.966
-51.041	13.796
-51.041	13.766
-51.021	13.706
-51.021	13.586
-50.971	13.406
-50.891	13.226
-50.851	13.166
-50.841	13.126
-50.821	13.086
-50.821	13.036
-50.811	12.986
-50.811	12.926
-50.801	12.876
-50.801	12.846
-50.791	12.806
-50.781	12.766
-50.751	12.726
-50.751	12.706
-50.731	12.686
-50.721	12.636
-50.591	12.426
-50.551	12.336
POLYLINE BLACK
-51.747	16.325
-51.747	16.335
-51.737	16.330
-51.712	16.330
-51.682	16.325
POLYLINE BLACK
-51.507	16.445
-51.497	16.435
-51.467	16.435
-51.457	16.430
-51.442	16.430
POLYLINE BLACK
-51.577	16.715
-51.532	16.715
-51.497	16.705
POLYLINE BLACK
-51.367	16.920
-51.347	16.925
-51.307	16.925
-51.297	16.920
-51.287	16.925
POLYLINE BLACK
-51.497	17.140
-51.472	17.135
-51.432	17.125
POLYLINE BLACK
-50.167	15.560
-50.177	15.565
-50.187	15.560
-50.217	15.575
-50.247	15.575
-50.257	15.580
-50.302	15.580
-50.332	15.600
-50.347	15.620
-50.352	15.645
-50.372	15.690
-50.372	15.710
-50.377	15.730
-50.377	15.745
-50.372	15.765
-50.377	15.790
-50.377	15.895
-50.387	15.915
-50.387	15.925
-50.412	15.965
-50.432	15.980
-50.437	15.990
-50.462	16.005
-50.502	16.065
-50.517	16.110
-50.517	16.175
-50.512	16.185
-50.512	16.200
-50.487	16.260
-50.467	16.290
-50.457	16.315
-50.417	16.350
-50.397	16.365
-50.317	16.410
-50.307	16.420
-50.287	16.420
-50.212	16.440
-50.162	16.440
-50.142	16.445
-50.132	16.440
-50.077	16.440
-50.057	16.430
-50.047	16.430
-50.007	16.395
-50.002	16.385
-49.947	16.345
-49.942	16.330
-49.917	16.300
-49.917	16.290
-49.912	16.270
-49.912	16.255
-49.917	16.235
-49.917	16.170
-49.922	16.150
-49.922	16.115
-49.947	16.045
-49.987	16.000
-50.032	15.990
-50.032	15.975
-50.057	15.960
-50.072	15.940
-50.072	15.930
-50.087	15.895
-50.087	15.875
-50.092	15.855
-50.092	15.825
-50.107	15.770
-50.107	15.760
-50.117	15.740
-50.122	15.705
-50.132	15.665
-50.132	15.615
-50.137	15.595
-50.147	15.585
-50.157	15.585
-50.172	15.565
-50.182	15.560
POLYLINE CONNECT
-50.078	16.229
-51.682	16.262
POLYLINE BLACK
-51.142	17.363
-51.114	17.209
-51.114	17.181
-51.107	17.146
-51.107	17.132
-51.100	17.104
-51.128	17.048
-51.128	17.027
-51.142	16.978
-51.142	16.964
-51.149	16.936
-51.149	16.908
-51.170	16.831
-51.170	16.817
-51.177	16.803
-51.177	16.782
-51.191	16.754
-51.191	16.740
-51.233	16.656
-51.247	16.642
-51.261	16.593
-51.275	16.565
-51.275	16.544
-51.289	16.516
-51.289	16.502
-51.303	16.453
-51.303	16.425
-51.310	16.390
-51.310	16.334
-51.317	16.306
-51.317	16.215
-51.324	16.187
-51.324	16.159
POLYLINE BLACK
-51.653	17.279
-51.646	17.258
-51.646	17.230
-51.625	17.167
-51.625	17.153
-51.604	17.104
-51.604	17.076
-51.611	17.062
-51.604	17.020
-51.604	16.943
-51.611	16.915
-51.611	16.887
-51.618	16.859
-51.618	16.838
-51.639	16.782
-51.688	16.698
-51.716	16.677
-51.751	16.621
-51.779	16.579
-51.779	16.565
-51.793	16.544
-51.793	16.530
-51.814	16.474
-51.814	16.446
-51.821	16.418
-51.821	16.397
-51.849	16.327
-51.849	16.313
-51.856	16.285
-51.856	16.257
POLYLINE BLACK
-51.422	17.426
-51.415	17.412
-51.387	17.412
-51.331	17.391
POLYLINE BLACK
-51.975	18.735
-51.954	18.742
-51.905	18.742
-51.877	18.749
POLYLINE BLACK
-51.793	18.644
-51.779	18.630
-51.716	18.630
POLYLINE BLACK
-51.856	18.406
-51.800	18.399
-51.744	18.399
POLYLINE BLACK
-51.632	18.175
-51.618	18.161
-51.569	18.168
-51.534	18.182
POLYLINE BLACK
-51.681	17.874
-51.604	17.874
POLYLINE BLACK
-51.499	17.685
-51.450	17.692
-51.436	17.699
POLYLINE BLACK
-51.646	17.503
-51.625	17.503
-51.576	17.524
POLYLINE BLACK
-51.716	18.973
-51.709	18.959
-51.709	18.924
-51.674	18.770
-51.660	18.763
-51.653	18.742
-51.597	18.658
-51.569	18.595
-51.569	18.581
-51.548	18.525
-51.541	18.469
-51.464	18.350
-51.443	18.273
-51.443	18.259
-51.401	18.175
-51.394	18.140
-51.324	17.993
-51.324	17.972
-51.296	17.916
-51.296	17.902
-51.282	17.874
-51.282	17.860
-51.261	17.818
-51.261	17.804
-51.240	17.727
-51.240	17.699
-51.226	17.671
-51.226	17.657
-51.205	17.587
-51.205	17.566
-51.198	17.538
-51.198	17.510
-51.191	17.496
-51.191	17.475
-51.184	17.447
-51.184	17.433
-51.149	17.363
POLYLINE BLACK
-52.080	18.840
-52.059	18.770
-52.031	18.623
-51.989	18.483
-51.968	18.413
-51.940	18.329
-51.926	18.280
-51.814	18.070
-51.800	18.042
-51.765	17.895
-51.765	17.762
-51.751	17.692
-51.751	17.657
-51.744	17.608
-51.737	17.580
-51.737	17.482
-51.730	17.447
-51.723	17.412
-51.716	17.384
-51.702	17.370
-51.702	17.356
-51.681	17.328
-51.653	17.265
-51.653	17.230
POLYLINE BROWN
-52.283	20.387
-52.283	20.338
-52.276	20.324
POLYLINE BROWN
-52.115	20.457
-52.087	20.394
POLYLINE BROWN
-52.199	20.408
-52.164	20.331
POLYLINE BROWN
-52.262	20.408
-52.255	20.394
POLYLINE BROWN
-52.367	20.380
-52.353	20.345
-52.353	20.331
POLYLINE BROWN
-52.423	20.380
-52.430	20.317
-52.437	20.303
POLYLINE BROWN
-52.500	20.422
-52.479	20.394
-52.458	20.380
-52.430	20.345
-52.402	20.338
-52.374	20.317
-52.346	20.317
-52.283	20.324
-52.206	20.338
-52.122	20.380
-52.101	20.401
POLYLINE BROWN
-51.702	18.938
-51.709	18.966
-51.709	19.008
-51.730	19.085
-51.737	19.134
-51.744	19.162
-51.758	19.246
-51.772	19.302
-51.772	19.316
-51.779	19.330
-51.779	19.351
-51.793	19.379
-51.793	19.400
-51.821	19.470
-51.849	19.547
-51.856	19.589
-51.884	19.652
-51.884	19.666
-51.905	19.736
-51.919	19.778
-51.919	19.799
-51.940	19.841
-51.947	19.904
-51.968	19.967
-51.982	19.995
-52.003	20.079
-52.059	20.261
-52.080	20.324
-52.108	20.492
-52.108	20.534
-52.143	20.667
-52.185	20.786
-52.213	20.891
-52.227	20.933
-52.227	20.982
-52.234	21.010
-52.241	21.073
-52.248	21.087
-52.248	21.115
-52.262	21.164
-52.283	21.213
-52.290	21.262
-52.318	21.353
-52.353	21.416
-52.381	21.458
-52.388	21.472
POLYLINE BROWN
-52.724	21.108
-52.696	21.066
-52.696	21.052
-52.675	20.989
-52.668	20.954
-52.640	20.898
-52.640	20.877
-52.605	20.821
-52.563	20.730
-52.563	20.709
-52.528	20.583
-52.528	20.569
-52.514	20.541
-52.493	20.471
-52.493	20.450
-52.465	20.373
-52.458	20.324
-52.437	20.261
-52.437	20.233
-52.416	20.156
-52.402	20.051
-52.388	20.023
-52.381	19.960
-52.367	19.911
-52.367	19.897
-52.332	19.771
-52.318	19.687
-52.318	19.673
-52.248	19.400
-52.248	19.358
-52.241	19.330
-52.220	19.295
-52.220	19.281
-52.150	19.113
-52.150	19.099
-52.143	19.085
-52.143	19.064
-52.122	19.036
-52.115	18.987
-52.094	18.910
-52.094	18.896
-52.087	18.868
-52.087	18.854
-52.073	18.812
POLYLINE BLACK
-52.534	20.596
-52.534	20.646
-52.574	20.826
-52.579	20.846
-52.589	20.881
-52.599	20.901
-52.599	20.911
-52.609	20.931
-52.609	20.956
-52.619	20.976
-52.619	20.991
-52.634	21.031
-52.634	21.041
-52.654	21.076
-52.654	21.086
-52.664	21.101
-52.664	21.111
-52.674	21.131
-52.679	21.156
-52.684	21.176
-52.694	21.186
POLYLINE BLACK
-52.594	20.511
-52.604	20.506
-52.644	20.506
-52.654	20.511
POLYLINE BLACK
-52.724	20.246
-52.754	20.261
POLYLINE BLACK
-52.809	20.021
-52.819	20.016
-52.839	20.026
POLYLINE BLACK
-52.809	19.826
-52.894	19.826
POLYLINE BLACK
-51.564	21.091
POLYLINE BLACK
-52.799	19.876
-52.799	19.866
-52.804	19.846
-52.804	19.821
-52.809	19.801
-52.799	19.756
POLYLINE BLACK
-52.739	20.056
-52.749	20.031
-52.749	20.011
-52.764	19.981
-52.764	19.956
POLYLINE BLACK
-52.639	20.281
-52.649	20.246
-52.649	20.216
-52.659	20.191
-52.669	20.181
POLYLINE BLACK
-52.769	20.191
POLYLINE BLACK
-51.584	21.181
POLYLINE BLACK
-52.539	20.536
-52.539	20.526
-52.549	20.506
-52.559	20.466
-52.579	20.416
-52.579	20.406
-52.584	20.396
POLYLINE BLACK
-52.049	20.546
-52.069	20.561
-52.079	20.561
-52.089	20.556
-52.094	20.566
-52.104	20.566
-52.124	20.576
-52.159	20.581
-52.179	20.591
-52.189	20.591
-52.209	20.601
-52.249	20.601
-52.269	20.611
-52.279	20.611
-52.289	20.606
-52.359	20.621
-52.374	20.621
-52.384	20.616
-52.394	20.621
-52.414	20.616
-52.424	20.621
-52.464	20.606
-52.494	20.591
-52.504	20.591
-52.509	20.571
POLYLINE BLACK
-52.009	20.526
POLYLINE BLACK
-52.330	21.497
-52.330	21.371
-52.337	21.329
-52.337	21.273
-52.330	21.245
-52.330	21.210
-52.295	21.091
-52.253	21.007
-52.225	20.937
-52.218	20.902
-52.204	20.860
-52.183	20.832
-52.162	20.783
-52.134	20.741
-52.064	20.615
-52.036	20.573
-52.029	20.552
POLYLINE BLACK
-52.106	20.552
-52.127	20.468
-52.120	20.454
POLYLINE BLACK
-52.197	20.615
-52.197	20.601
-52.225	20.524
POLYLINE BLACK
-52.302	20.622
-52.302	20.608
-52.323	20.566
POLYLINE BLACK
-52.484	20.636
-52.442	20.587
-52.435	20.573
POLYLINE BLACK
-52.799	19.628
-52.813	19.635
-52.848	19.593
POLYLINE BLACK
-52.470	19.544
-52.470	19.502
POLYLINE BLACK
-52.183	19.656
-52.148	19.614
POLYLINE BLACK
-51.987	19.936
-51.938	19.929
POLYLINE BLACK
-51.966	20.258
-51.959	20.272
POLYLINE BLACK
-51.959	20.496
-51.945	20.496
-51.917	20.510
POLYLINE BLACK
-52.008	20.433
-52.008	20.475
-52.015	20.524
POLYLINE BLACK
-52.015	20.188
-52.022	20.237
-52.022	20.300
-52.015	20.314
POLYLINE BLACK
-52.064	19.866
-52.057	19.950
-52.043	20.020
POLYLINE BLACK
-52.253	19.663
-52.169	19.733
POLYLINE BLACK
-52.498	19.642
-52.470	19.621
-52.435	19.614
POLYLINE BLACK
-52.778	19.705
-52.708	19.628

ELEVATION
STATIONS
111.543	-24.630	18.0
112.228	-23.357	18.1
113.073	-21.710	18.2
115.638	-19.465	18.3
117.328	-19.331	18.4
118.552	-19.191	18.5
122.530	-19.044	18.6
123.345	-19.137	18.7
124.401	-23.430	18.8
113.996	-19.316	18.9
109.720	-17.987	18.10
SHOTS
113.996	-19.316	109.720	-17.987
109.720	-17.987	109.736	-17.957
109.720	-17.987	109.746	-17.986
109.720	-17.987	109.375	-16.808
115.638	-19.465	113.996	-19.316
113.996	-19.316	114.117	-19.288
113.996	-19.316	114.028	-18.984
113.996	-19.316	114.785	-21.216
123.345	-19.137	124.401	-23.430
122.530	-19.044	123.345	-19.137
123.345	-19.137	123.434	-18.991
123.345	-19.137	123.244	-19.227
123.345	-19.137	123.401	-19.121
123.345	-19.137	123.123	-18.494
123.345	-19.137	124.912	-18.807
118.552	-19.191	122.530	-19.044
122.530	-19.044	122.717	-18.885
122.530	-19.044	122.388	-18.708
122.530	-19.044	122.490	-19.785
117.328	-19.331	118.552	-19.191
118.552	-19.191	118.623	-19.190
118.552	-19.191	118.618	-19.878
118.552	-19.191	118.537	-19.029
118.552	-19.191	118.554	-19.311
118.552	-19.191	118.841	-19.096
115.638	-19.465	117.328	-19.331
117.328	-19.331	117.547	-19.356
117.328	-19.331	117.365	-18.910
117.328	-19.331	117.374	-20.012
113.073	-21.710	115.638	-19.465
115.638	-19.465	115.675	-19.481
115.638	-19.465	115.734	-20.387
115.638	-19.465	115.442	-17.722
112.228	-23.357	113.073	-21.710
113.073	-21.710	112.775	-21.727
113.073	-21.710	112.735	-19.118
113.073	-21.710	113.244	-23.293
111.543	-24.630	112.228	-23.357
112.228	-23.357	112.127	-23.334
112.228	-23.357	112.323	-24.467
112.228	-23.357	112.123	-22.898
112.228	-23.357	112.723	-23.398
111.543	-24.630	111.543	-24.630
111.543	-24.630	111.605	-24.461
111.543	-24.630	112.365	-24.442
111.543	-24.630	112.156	-24.317
111.543	-24.630	111.522	-24.997
111.543	-24.630	112.135	-23.341
POLYLINE BLACK
110.643	-18.750
110.683	-18.750
110.883	-18.910
111.143	-19.050
111.323	-19.250
111.383	-19.390
111.703	-19.890
111.743	-19.990
111.903	-20.230
111.903	-20.270
112.023	-20.450
112.043	-20.530
112.083	-20.670
112.123	-20.710
112.123	-20.770
112.223	-20.970
112.223	-21.030
112.383	-21.230
112.503	-21.430
112.583	-21.550
112.603	-21.670
112.643	-21.790
112.563	-22.030
POLYLINE BLACK
109.783	-18.290
109.783	-18.330
109.823	-18.310
109.863	-18.350
109.903	-18.350
109.943	-18.390
109.983	-18.370
110.103	-18.450
110.203	-18.510
110.243	-18.550
110.323	-18.570
110.663	-18.710
110.823	-18.930
POLYLINE BLACK
109.083	-16.710
109.203	-16.830
109.323	-16.890
109.403	-16.890
109.683	-16.970
109.763	-16.970
109.843	-16.990
109.903	-16.990
110.043	-17.030
110.183	-17.030
110.383	-17.110
110.443	-17.110
110.523	-17.130
110.563	-17.170
110.763	-17.170
111.083	-17.290
111.383	-17.410
111.483	-17.390
111.663	-17.430
111.843	-17.430
112.363	-17.530
112.463	-17.530
112.783	-17.610
112.843	-17.590
112.983	-17.630
113.123	-17.630
113.163	-17.650
113.243	-17.630
113.383	-17.630
113.563	-17.670
113.763	-17.650
114.103	-17.710
114.243	-17.690
114.363	-17.730
114.403	-17.710
114.443	-17.750
114.523	-17.730
115.203	-17.730
115.283	-17.750
115.463	-17.750
POLYLINE BLACK
108.983	-17.650
108.663	-17.370
108.583	-17.310
108.543	-17.210
108.423	-17.050
108.363	-16.790
108.403	-16.670
108.483	-16.650
108.523	-16.610
108.603	-16.610
108.683	-16.630
108.923	-16.650
109.003	-16.670
109.083	-16.670
POLYLINE BLACK
108.723	-16.610
108.903	-16.670
108.943	-16.710
109.023	-16.730
109.103	-16.750
109.143	-16.790
POLYLINE BLACK
109.003	-17.570
109.143	-17.730
109.543	-18.130
109.883	-18.310
110.103	-18.410
POLYLINE BLACK
124.523	-18.630
124.603	-18.650
124.803	-18.650
124.863	-18.670
124.943	-18.630
125.023	-18.650
125.243	-18.590
125.323	-18.610
125.403	-18.630
125.443	-18.650
125.483	-18.630
125.563	-18.650
POLYLINE BLACK
125.603	-23.150
125.623	-23.190
125.723	-23.190
125.763	-23.210
POLYLINE BLACK
124.843	-18.870
124.863	-18.910
124.823	-19.070
124.823	-19.150
124.843	-19.290
124.843	-19.510
124.863	-19.590
124.863	-19.830
124.883	-19.870
124.863	-19.970
124.883	-20.010
124.863	-20.090
124.863	-20.450
124.843	-20.550
124.823	-20.710
124.823	-20.770
124.843	-20.850
124.863	-21.030
124.883	-21.190
124.883	-21.250
124.903	-21.290
124.903	-21.410
124.923	-21.630
124.943	-21.730
124.943	-21.950
124.963	-22.030
124.963	-22.190
124.983	-22.270
124.983	-22.410
125.003	-22.490
125.043	-22.710
125.063	-22.790
125.103	-22.950
125.263	-23.070
125.283	-23.110
POLYLINE BLACK
125.483	-23.170
125.403	-23.150
125.363	-23.170
125.323	-23.150
125.203	-23.190
POLYLINE BLACK
125.463	-23.510
125.603	-23.490
POLYLINE BLACK
124.903	-23.410
124.963	-23.410
125.083	-23.450
125.183	-23.450
125.223	-23.470
POLYLINE BLACK
124.763	-23.410
124.603	-23.370
124.523	-23.390
124.443	-23.410
124.403	-23.390
124.183	-23.450
124.143	-23.470
124.023	-23.430
123.923	-23.430
123.883	-23.450
123.843	-23.410
123.683	-23.410
123.563	-23.350
123.463	-23.370
123.383	-23.350
123.303	-23.330
123.123	-23.310
122.903	-23.070
122.803	-22.890
122.783	-22.810
122.743	-22.630
122.723	-22.470
122.683	-22.230
122.643	-22.190
122.643	-22.150
122.543	-21.930
122.543	-21.630
122.563	-21.550
122.583	-21.070
122.543	-20.950
122.543	-20.870
122.483	-20.630
122.463	-20.470
122.463	-20.410
122.443	-20.330
122.443	-20.230
122.463	-20.150
122.463	-20.030
122.443	-19.950
122.443	-19.870
122.403	-19.790
POLYLINE BLACK
119.523	-19.870
119.603	-19.850
119.703	-19.850
119.943	-19.790
120.023	-19.790
120.083	-19.810
120.123	-19.790
120.163	-19.810
120.383	-19.810
120.563	-19.750
120.783	-19.750
120.863	-19.710
120.963	-19.710
121.123	-19.770
121.223	-19.770
121.383	-19.710
121.563	-19.690
121.643	-19.710
121.723	-19.710
121.863	-19.730
121.943	-19.730
122.083	-19.770
122.203	-19.750
122.323	-19.790
POLYLINE BLACK
117.363	-20.010
117.443	-20.030
117.763	-19.950
117.943	-19.930
118.083	-19.930
118.163	-19.910
118.243	-19.890
118.323	-19.910
118.383	-19.910
118.463	-19.890
118.763	-19.890
118.843	-19.870
119.023	-19.890
119.143	-19.850
119.243	-19.870
119.323	-19.870
119.363	-19.890
119.443	-19.870
119.623	-19.870
119.683	-19.890
119.723	-19.870
POLYLINE BLACK
117.223	-19.010
117.283	-19.010
117.623	-18.910
117.843	-18.910
117.923	-18.890
118.143	-18.890
118.183	-18.910
POLYLINE BLACK
117.903	-18.910
117.943	-18.930
118.083	-18.910
118.183	-18.910
118.303	-18.950
118.363	-18.950
118.443	-18.970
118.523	-18.970
118.563	-18.950
118.663	-18.950
118.743	-18.970
118.823	-18.950
118.863	-18.970
118.943	-18.970
119.023	-18.990
119.123	-18.970
119.223	-18.970
119.483	-18.890
119.583	-18.890
119.703	-18.930
119.863	-18.950
119.923	-18.930
120.783	-18.930
120.863	-18.950
120.963	-18.930
121.363	-18.910
121.403	-18.930
121.763	-18.890
122.163	-18.730
122.803	-18.630
122.883	-18.610
123.263	-18.570
123.703	-18.550
123.743	-18.570
123.803	-18.550
124.063	-18.570
124.143	-18.590
124.343	-18.590
124.383	-18.610
124.643	-18.590
POLYLINE BLACK
115.603	-20.410
115.843	-20.270
115.983	-20.250
116.163	-20.210
116.243	-20.190
116.643	-20.190
116.723	-20.150
116.763	-20.170
116.843	-20.110
116.923	-20.130
117.303	-20.010
117.423	-20.010
POLYLINE BLACK
115.263	-17.590
115.283	-17.630
115.403	-17.630
115.463	-17.650
115.623	-17.610
115.723	-17.610
115.843	-17.650
116.083	-17.890
116.163	-17.930
116.223	-17.930
116.863	-18.370
116.903	-18.370
116.943	-18.450
116.943	-18.670
116.963	-18.810
116.963	-18.930
116.983	-18.970
117.063	-18.990
117.203	-19.030
117.243	-19.010
117.503	-19.010
POLYLINE BROWN
109.683	-16.690
POLYLINE BROWN
115.643	-20.370
115.583	-20.470
115.463	-20.630
115.423	-20.630
115.223	-20.910
115.123	-20.970
114.863	-21.330
114.743	-21.410
114.663	-21.510
114.603	-21.530
114.543	-21.630
114.403	-21.710
114.303	-21.890
114.003	-22.210
113.843	-22.530
113.823	-22.610
113.703	-22.690
113.583	-22.870
113.543	-22.890
113.523	-22.950
113.463	-22.930
113.303	-22.990
113.143	-23.310
113.143	-23.350
113.023	-23.450
113.023	-23.490
112.923	-23.590
112.863	-23.670
112.843	-23.750
112.743	-23.850
112.583	-23.930
POLYLINE BROWN
112.503	-19.170
112.543	-19.190
112.803	-19.130
113.203	-18.950
113.243	-18.910
113.343	-18.870
113.603	-18.690
113.703	-18.630
114.063	-18.410
114.303	-18.170
114.603	-18.030
114.703	-18.010
114.883	-17.890
114.963	-17.890
115.083	-17.790
115.143	-17.790
115.423	-17.630
POLYLINE BLACK
111.103	-23.230
111.143	-23.410
110.943	-23.570
110.863	-23.630
110.783	-23.630
110.603	-23.690
110.483	-23.690
110.283	-23.890
110.043	-24.050
109.963	-24.070
109.923	-24.110
109.923	-24.250
110.083	-24.630
110.243	-24.770
110.363	-24.830
110.403	-24.830
110.463	-24.870
110.583	-24.870
110.663	-24.930
110.703	-24.930
110.783	-25.010
110.783	-25.050
POLYLINE BLACK
110.683	-25.010
110.683	-24.950
POLYLINE BLACK
110.703	-25.150
POLYLINE BLACK
110.723	-25.670
110.703	-25.590
110.703	-25.470
POLYLINE BLACK
110.683	-26.190
110.643	-26.110
110.643	-25.990
POLYLINE BLACK
110.603	-26.650
110.643	-26.510
110.623	-26.430
POLYLINE BLACK
111.243	-26.570
111.243	-26.710
POLYLINE BLACK
111.263	-26.250
111.283	-26.290
POLYLINE BLACK
111.323	-25.850
111.303	-25.890
POLYLINE BLACK
111.303	-25.090
111.323	-25.190
111.323	-25.310
111.343	-25.390
111.343	-25.470
111.363	-25.550
111.343	-25.630
POLYLINE BLACK
113.203	-21.710
113.203	-21.890
113.223	-21.970
113.223	-22.330
113.163	-22.510
113.163	-22.750
113.003	-22.970
112.983	-23.070
112.903	-23.310
112.903	-23.370
112.783	-23.670
112.783	-23.710
112.723	-23.810
112.543	-24.090
112.323	-24.370
112.303	-24.470
112.243	-24.550
112.203	-24.650
112.163	-24.690
112.143	-24.770
112.083	-24.830
112.043	-24.850
112.023	-24.910
111.883	-24.970
111.803	-24.950
111.743	-25.010
111.663	-25.030
111.643	-24.990
111.563	-24.990
111.523	-24.970
111.483	-24.990
111.403	-24.950
111.383	-24.990
111.403	-25.130
POLYLINE BLACK
111.123	-23.450
111.123	-23.410
111.223	-23.430
111.303	-23.410
111.383	-23.390
111.503	-23.330
111.703	-23.290
111.763	-23.290
111.823	-23.230
111.903	-23.150
111.983	-22.990
111.983	-22.950
112.103	-22.750
112.143	-22.630
112.243	-22.510
112.343	-22.210
112.463	-22.010
112.463	-21.970
112.503	-21.930
112.523	-21.830
112.563	-21.710
