Swil20170311_40 to 20   (m, 360)

[1]: 2017/03/11     0.00  "Footlegs DistoX2 2609   "
[2]: 2017/03/11     0.00  "Ferret on Footlegs DistoX2 2609\rFootleg sketching   "
[3]: 2017/03/11     0.00  "Tacklebury on Footlegs DistoX2 2609\rFootleg sketching \rJosh & Wilman Dogs  "


     9.11       17.0       0.000    0.00    0.00  [1]    
    17.0                   0.640   98.94   -5.49  [2]    
    17.0                   0.947  258.77   -1.72  [2]    
    17.0                   1.091  216.96   82.69  [2]    
    17.0                   1.773  135.52  -88.73  [2]    
    17.0                   4.466    9.25  -15.44  [2]    
    17.0                   3.942   16.80  -14.57  [2]    
    17.0                   2.980  314.51  -31.31  [2]    
    17.0                   3.750  346.64  -24.49  [2]    
    17.0                   2.550   30.37   -4.86  [2]    
    17.0                   1.813   44.53   -6.41  [2]    
    17.0        17.1       8.242  184.20   -2.93  [2]    
    17.0        17.1       8.251  184.37   -3.02  [2]    
    17.0        17.1       8.257  184.19   -2.96  [2]    
    17.1        17.0       8.236    5.01    3.41  [2]    
    17.1        17.0       8.219    4.99    3.11  [2]    
    17.1        17.0       8.239    5.05    3.25  [2]    
    17.1                   0.886  274.22   -0.29  [2]    
    17.1                   2.626  232.34   78.63  [2]    
    17.1                   1.350  129.79  -87.79  [2]    
    17.1        17.2       5.061  190.35   -8.96  [2]    "17.2=point of rock calcited into left edge of flowstone"
    17.1        17.2       5.064  190.38   -8.93  [2]    
    17.1        17.2       5.054  190.53   -8.90  [2]    
    17.2        17.1       5.065   10.47    9.14  [2]    
    17.2        17.1       5.073   10.43    9.17  [2]    
    17.2        17.1       5.061   10.46    9.17  [2]    
    17.2                   1.406   70.43    6.25  [2]    
    17.2                   0.303  252.09    6.34  [2]    
    17.2                   2.961   22.88   82.25  [2]    
    17.2                   1.098   70.16  -59.30  [2]    
    17.2                   3.032  321.59   18.93  [2]    
    17.2        17.3       3.231  141.09    2.32  [2]    
    17.2        17.3       3.237  140.86    2.32  [2]    
    17.2        17.3       3.231  140.89    2.32  [2]    
    17.3        17.2       3.230  322.45   -2.19  [2]    
    17.3        17.2       3.229  322.48   -2.05  [2]    
    17.3        17.2       3.242  322.44   -2.25  [2]    
    17.3                   1.225  254.36    5.58  [2]    
    17.3                   0.761  255.08  -29.87  [2]    
    17.3                   3.066  280.76   72.50  [2]    
    17.3                   1.244  286.27  -68.83  [2]    
    17.3                   3.243  322.49   -2.26  [2]    
    17.3        17.4       4.952  184.27   -5.20  [2]    
    17.3        17.4       4.948  184.19   -5.14  [2]    
    17.3        17.4       4.953  184.34   -5.23  [2]    
    17.4        17.3       4.991    4.20    5.09  [2]    
    17.4        17.3       4.979    4.38    4.97  [2]    
    17.4        17.3       4.994    4.26    5.06  [2]    
    17.4                   0.745   90.20   -0.21  [2]    
    17.4                   0.302   86.25    7.56  [2]    
    17.4                   0.688  318.19   87.09  [2]    
    17.4                   0.941    0.22  -79.01  [2]    
    17.4        17.5       4.324  171.63    7.37  [2]    
    17.4        17.5       4.319  171.52    7.40  [2]    
    17.4        17.5       4.331  171.56    7.47  [2]    
    17.5        17.4       4.297  351.95   -7.25  [2]    
    17.5        17.4       4.297  351.91   -7.29  [2]    
    17.5        17.4       4.301  351.96   -7.23  [2]    
    17.5                   4.589  348.09   22.43  [2]    
    17.5                   1.937  291.71   -2.95  [2]    
    17.5                   2.180  329.53   -8.39  [2]    
    17.5                   1.824  313.89   69.89  [2]    
    17.5                   1.482  273.47  -84.22  [2]    
    17.5                   3.570  188.00   16.31  [2]    
    17.5        17.6       1.538  263.69  -33.24  [2]    
    17.5        17.6       1.538  263.84  -33.21  [2]    
    17.5        17.6       1.540  263.53  -33.32  [2]    
    17.6        17.5       1.551   85.01   33.60  [2]    
    17.6        17.5       1.546   84.92   33.50  [2]    
    17.6        17.5       1.545   84.70   33.32  [2]    
    17.6                   2.637  192.68   14.21  [2]    
    17.6                   1.198  333.05   18.17  [2]    
    17.6                   1.328    5.45   78.50  [2]    
    17.6                   0.815  328.99  -84.11  [2]    
    17.6                   2.747  183.66   21.94  [2]    
    17.6                   3.502  250.69    1.96  [2]    
    17.6        17.7       3.968  274.82    1.75  [2]    
    17.6        17.7       3.971  274.90    1.72  [2]    
    17.6        17.7       3.969  274.87    1.67  [2]    
    17.7        17.6       3.967   94.83   -1.26  [2]    
    17.7        17.6       3.979   94.75   -1.16  [2]    
    17.7        17.6       4.004   94.70   -1.43  [2]    
    17.7                   1.159  185.19   -0.86  [2]    
    17.7                   0.480   13.77   27.62  [2]    
    17.7                   0.570  135.21   74.87  [2]    
    17.7                   1.091   44.34  -78.31  [2]    
    17.7        17.8       4.593  254.60   -1.42  [3]    
    17.7        17.8       4.599  254.33   -1.19  [3]    
    17.7        17.8       4.598  254.23   -1.30  [3]    
    17.8        17.7       4.615   74.15    1.91  [3]    
    17.8        17.7       4.616   74.17    1.81  [3]    
    17.8        17.7       4.618   74.08    1.83  [3]    
    17.8                   0.932  147.81    4.21  [3]    
    17.8                   4.894   81.09   79.60  [3]    
    17.8                   6.925  195.49   87.25  [3]    
    17.8                   1.250   87.66  -81.78  [3]    
    17.8        17.9       4.090  244.25   12.71  [3]    
    17.8        17.9       4.089  244.20   12.76  [3]    
    17.8        17.9       4.089  244.22   12.85  [3]    
    17.9        17.8       4.103   64.28  -12.96  [3]    
    17.9        17.8       4.074   64.20  -13.05  [3]    
    17.9        17.8       4.075   64.23  -13.13  [3]    
    17.9                   0.603  103.69  -61.01  [3]    
    17.9                   1.756  166.09  -71.02  [3]    
    17.9                   1.555   46.60  -29.75  [3]    
    17.9                   1.185   43.57    1.68  [3]    
    17.9                   2.840   35.26   16.63  [3]    
    17.9                   7.232   47.75   55.72  [3]    
    17.9                   4.330   34.72   79.60  [3]    
    17.9                   2.182   93.09   -0.12  [3]    
    17.9                   3.465   94.08    0.33  [3]    
    17.9                   2.710  113.67   -2.63  [3]    
    17.9        17.10      6.424  312.63  -20.99  [3]    
    17.9        17.10      6.430  312.70  -21.02  [3]    
    17.9        17.10      6.425  312.72  -20.98  [3]    
    17.10       17.9       6.426  133.19   20.96  [3]    
    17.10       17.9       6.408  133.12   20.92  [3]    
    17.10       17.9       6.436  133.01   20.90  [3]    
    17.10                  1.830  212.93    7.35  [3]    
    17.10                  1.591   27.52   38.76  [3]    
    17.10                  7.251   22.61   83.12  [3]    
    17.10                  1.732   74.71  -63.74  [3]    
    17.10                  1.898  191.33  -67.53  [3]    
    17.10       17.11      4.218  287.01   -5.18  [3]    
    17.10       17.11      4.218  286.98   -5.20  [3]    
    17.10       17.11      4.221  286.96   -5.23  [3]    
    17.11       17.10      4.213  107.05    4.93  [3]    
    17.11       17.10      4.216  107.22    4.93  [3]    
    17.11       17.10      4.218  107.11    4.98  [3]    
    17.11                  7.491   30.29   68.57  [3]    
    17.11                  3.655   44.45   69.50  [3]    
    17.11                  2.398  124.73   83.03  [3]    
    17.11                  1.022  206.07   -4.14  [3]    
    17.11                  1.898   30.61    9.38  [3]    
    17.11                  1.357   21.75  -71.56  [3]    
    17.11       17.12      4.861  321.89    2.09  [3]    
    17.11       17.12      4.860  321.88    2.10  [3]    
    17.11       17.12      4.864  321.76    2.03  [3]    
    17.12       17.11      4.865  141.71   -2.42  [3]    
    17.12       17.11      4.864  141.93   -2.35  [3]    
    17.12       17.11      4.861  141.69   -2.38  [3]    
    17.12                  1.700  220.11    1.91  [3]    
    17.12                  6.343  325.48   64.25  [3]    
    17.12                  2.445  242.24   47.22  [3]    
    17.12                  2.265  253.57  -82.83  [3]    
    17.12       17.13      5.441  284.57   -9.45  [3]    
    17.12       17.13      5.445  284.61   -9.48  [3]    
    17.12       17.13      5.441  284.58   -9.46  [3]    
    17.13       17.12      5.444  104.71    9.53  [3]    
    17.13       17.12      5.445  104.61    9.53  [3]    
    17.13       17.12      5.445  104.64    9.47  [3]    
    17.13                  2.018   36.72   -0.90  [3]    
    17.13                  0.145  209.49    7.83  [3]    
    17.13                  7.678   36.11   60.78  [3]    
    17.13                  2.103   81.31   82.68  [3]    
    17.13                  2.282   59.56  -54.08  [3]    
    17.13                  1.545   55.11  -56.23  [3]    
    17.13                  2.002   48.07  -44.78  [3]    
    17.13       17.14      4.507  324.28   -8.79  [3]    
    17.13       17.14      4.510  324.22   -8.81  [3]    
    17.13       17.14      4.511  324.22   -8.81  [3]    
    17.14       17.13      4.512  144.30    8.82  [3]    
    17.14       17.13      4.511  144.15    8.84  [3]    
    17.14       17.13      4.519  144.28    8.84  [3]    
    17.14                  0.272   15.95   11.38  [3]    
    17.14                  1.299  202.81   -3.53  [3]    
    17.14                  6.588   14.38   77.59  [3]    
    17.14                  1.592  219.86  -59.71  [3]    
    17.14                  2.984  255.32   79.99  [3]    
    17.14       17.15      3.815  268.48   -8.93  [3]    
    17.14       17.15      3.810  268.49   -8.92  [3]    
    17.14       17.15      3.811  268.42   -8.89  [3]    
    17.15       17.14      3.801   88.40    8.78  [3]  < 
    17.15       17.14      3.798   88.33    8.92  [3]  < 
    17.15       17.14      3.801   88.34    8.79  [3]  < 
    17.15                  2.519   50.20    2.96  [3]  < 
    17.15                  0.822  234.66    5.17  [3]  < 
    17.15                  7.090   39.59   69.49  [3]  < 
    17.15                  0.960   52.40  -82.66  [3]  < 
    17.15                  3.347  349.23   -4.28  [3]  < 
    17.15                  1.862  100.44   33.57  [3]  < 
    17.15                  1.947  309.94   12.45  [3]  < 
    17.15       17.16      1.050  166.91   40.01  [3]  < 
    17.15       17.16      1.053  166.79   40.04  [3]  < 
    17.15       17.16      1.054  166.79   40.19  [3]  < 
    17.16                  1.417  269.34   51.40  [3]  < 
    17.16                  0.633  250.91   32.27  [3]  < 
    17.16                  0.210   66.01   11.56  [3]  < 
    17.16                  0.540  305.85  -81.32  [3]  < 
    17.16       17.17      3.768  162.34   -7.10  [3]  < 
    17.16       17.17      3.771  162.31   -7.11  [3]  < 
    17.16       17.17      3.769  162.27   -7.12  [3]  < 
    17.17                  0.656   77.55   -9.94  [3]  < 
    17.17                  1.214  229.84   76.31  [3]  < 
    17.17                  0.527   81.82  -57.58  [3]  < 
    17.17                  0.838  150.89    1.32  [3]  < 
    17.17                  6.580  159.51   -1.14  [3]  < 
    17.15                  0.000    0.00    0.00  [3]  < 
    17.15       17.18      5.502  340.75   -9.31  [3]    
    17.15       17.18      5.501  340.62   -9.39  [3]    
    17.15       17.18      5.520  340.61   -9.42  [3]    
    17.18       17.15      5.512  160.23    9.30  [3]    
    17.18       17.15      5.506  160.20    9.16  [3]    
    17.18       17.15      5.497  160.21    9.28  [3]    
    17.18                  1.426  223.20    7.67  [3]    
    17.18                  8.105  224.21   63.58  [3]    
    17.18                  0.903  220.25  -35.88  [3]    
    17.18                  1.206  220.56  -54.29  [3]    
    17.18                  0.997   79.93  -74.54  [3]    
    17.18       17.19      3.312  271.28  -16.08  [3]    
    17.18       17.19      3.316  271.34  -16.07  [3]    
    17.18       17.19      3.308  271.37  -16.02  [3]    
    17.19       17.18      3.324   92.12   16.19  [3]    
    17.19       17.18      3.322   92.02   16.22  [3]    
    17.19       17.18      3.319   92.01   16.16  [3]    
    17.19                  7.242  218.76   84.55  [3]    
    17.19                  0.610    8.69    5.94  [3]    
    17.19                  0.425  175.00    7.64  [3]    
    17.19                  0.921  200.81   -9.44  [3]    
    17.19                  1.024  353.70  -75.61  [3]    
    17.19                  1.415   11.24  -48.90  [3]    
    17.19       17.20      3.370  269.17   -4.63  [3]    
    17.19       17.20      3.376  269.15   -4.70  [3]    
    17.19       17.20      3.375  269.18   -4.61  [3]    
    17.20       17.19      3.382   88.93    4.14  [3]    
    17.20       17.19      3.371   89.05    4.19  [3]    
    17.20       17.19      3.373   89.01    4.17  [3]    
    17.20                  0.456    7.19    5.64  [3]    
    17.20                  0.882  194.17    3.76  [3]    
    17.20                  1.297  182.72  -68.74  [3]    
    17.20                  8.413   66.50   86.79  [3]    
    17.20                  6.205  124.54   87.60  [3]    
    17.20                  6.765   44.73   74.63  [3]    
    17.20                  3.812   69.14   66.30  [3]    
    17.20       17.21      3.598  302.62   -1.85  [3]    
    17.20       17.21      3.594  302.58   -1.80  [3]    
    17.20       17.21      3.594  302.59   -1.83  [3]    
    17.21       17.20      3.596  122.46    1.94  [3]    
    17.21       17.20      3.589  122.31    1.98  [3]    
    17.21       17.20      3.590  122.34    1.94  [3]    
    17.21                  0.203  241.55  -15.41  [3]    
    17.21                  0.897   59.95    4.69  [3]    
    17.21                  1.570   55.12   66.54  [3]    
    17.21                  7.432   72.30   69.88  [3]    
    17.21                  7.897  115.44   80.57  [3]    
    17.21                  1.497  205.04  -78.12  [3]    
    17.21                  1.457   96.51  -75.60  [3]    
    17.21                  6.526  356.25   52.11  [3]    
    17.21                  7.370  355.52   60.44  [3]    
    17.21       17.22      4.604  344.69   -1.09  [3]    
    17.21       17.22      4.592  344.78   -1.04  [3]    
    17.21       17.22      4.602  344.76   -1.09  [3]    
    17.22       17.21      4.651  164.45    0.83  [3]    
    17.22       17.21      4.624  164.30    0.87  [3]    
    17.22       17.21      4.613  164.36    0.87  [3]    
    17.22                  1.276  237.85    2.79  [3]    
    17.22                  1.961  215.83   49.68  [3]    
    17.22                  4.145  215.25   54.85  [3]    
    17.22                  5.632  207.31   64.59  [3]    
    17.22                  7.106  187.25   73.96  [3]    
    17.22                  6.446  331.56   71.41  [3]    
    17.22                  1.866  232.23  -46.88  [3]    
    17.22                  1.672  200.16  -79.01  [3]    
    17.22                  5.675  308.70   56.56  [3]    
    17.22                  3.632  309.30   35.57  [3]    
    17.22       17.23      4.638  300.26    2.22  [3]    "17.23=first P bolt on LH wall"
    17.22       17.23      4.618  300.34    2.27  [3]    
    17.22       17.23      4.623  300.36    2.25  [3]    
    17.22                  0.000    0.00    0.00  [3]    
    17.22       17.24      6.268  292.77    0.43  [3]    
    17.22       17.24      6.262  292.66    0.35  [3]    
    17.22       17.24      6.264  292.72    0.40  [3]    
    17.24       17.22      6.270  112.50   -0.31  [3]    
    17.24       17.22      6.287  112.54   -0.20  [3]    
    17.24       17.22      6.275  112.51   -0.28  [3]    
    17.24                  0.712  172.89    6.03  [3]    
    17.24                  0.974   51.67   16.06  [3]    
    17.24                  1.187   37.21   11.21  [3]    
    17.24                  5.922  208.11   86.69  [3]    
    17.24                  5.904  344.62   75.09  [3]    
    17.24                  2.793  345.21   54.15  [3]    
    17.24                  4.039  350.47   42.52  [3]    
    17.24       17.23      1.794   93.09    5.02  [3]  < 
    17.24       17.23      1.794   93.23    5.08  [3]  < 
    17.24       17.23      1.794   93.09    5.15  [3]  < 
    17.24                  5.918  323.89  -64.34  [3]  < 
    17.24                  1.543  335.51  -75.74  [3]  < 
