Swil20170325_20Downstream   (m, 360)

[1]: 2017/03/25     0.00  "Mike Waterworth  on Lez's DistoX2 3499\rFootleg sketching \rDuncan Simey dog\rMaxine Bateman dog\rJosh & Wilman Dogs  "


    17.24       21.0       0.000    0.00    0.00  [1]    
    21.0                   0.145   88.76  -85.41  [1]    
    21.0                   0.149  108.50  -56.63  [1]    
    21.0                   1.277  213.31  -83.28  [1]    
    21.0                   1.026   67.03    5.54  [1]    
    21.0                   4.422    7.63   72.07  [1]    
    21.0                   4.323  322.82    1.05  [1]    
    21.0                   5.819  321.33   28.83  [1]    
    21.0                   2.796    8.84    7.39  [1]    
    21.0                   1.550    8.28    4.55  [1]    
    21.0                   3.344  353.24    3.10  [1]    
    21.0        21.1       1.230   52.98   43.43  [1]    
    21.0        21.1       1.227   52.86   43.35  [1]    
    21.0        21.1       1.227   52.84   43.66  [1]    
    21.1        21.0       1.236  231.94  -43.34  [1]    
    21.1        21.0       1.229  232.46  -43.30  [1]    
    21.1        21.0       1.232  232.25  -43.39  [1]    
    21.1                   5.122  316.69   84.62  [1]    
    21.1                   1.196  237.52    2.93  [1]    
    21.1                   2.494  257.85  -65.95  [1]    
    21.1                   2.514  259.44  -66.19  [1]    
    21.1                   7.216  292.87  -62.12  [1]    
    21.1                   2.422   37.95   52.86  [1]    
    21.1                   2.723   39.08   35.43  [1]    
    21.1                   2.637   42.35   33.82  [1]    
    21.1        21.2       5.581  306.84  -55.14  [1]    
    21.1        21.2       5.584  306.68  -55.20  [1]    
    21.1        21.2       5.592  306.93  -55.30  [1]    
    21.2        21.1       5.547  126.25   55.12  [1]    
    21.2        21.1       5.554  125.92   55.21  [1]    
    21.2        21.1       5.537  126.84   54.91  [1]    
    21.2                   8.527  112.70   87.10  [1]    
    21.2                   1.678  179.32    4.41  [1]    
    21.2                   1.955  219.75  -68.16  [1]    
    21.2                   4.549  127.50   -0.88  [1]    
    21.2                   4.044  121.79   -3.32  [1]    
    21.2                   2.997  108.18  -30.67  [1]    
    21.2                   2.821  142.68   -5.60  [1]    
    21.2                   1.580  189.93  -11.39  [1]    
    21.2        21.3       0.857   97.53   20.50  [1]    "21.3=Right hand of the pair of iron lugs in the calcite wall"
    21.2        21.3       0.857   97.56   20.47  [1]    
    21.2        21.3       0.858   97.56   20.53  [1]    
    21.2        21.4       4.049  259.68   -9.57  [1]    
    21.2        21.4       4.050  259.24   -9.45  [1]    
    21.2        21.4       4.053  259.56   -9.28  [1]    
    21.4        21.2       4.039   78.92    9.45  [1]    
    21.4        21.2       4.038   79.32    9.36  [1]    
    21.4        21.2       4.043   79.72    9.32  [1]    
    21.4                   1.014   23.48    2.72  [1]    
    21.4                   2.307   27.73  -35.33  [1]    
    21.4                   3.089   44.53   69.53  [1]    
    21.4        21.5       2.163  349.07    2.92  [1]    
    21.4        21.5       2.175  348.68    2.16  [1]    
    21.4        21.5       2.164  348.94    3.15  [1]    
    21.5        21.4       2.145  168.56   -2.71  [1]    
    21.5        21.4       2.145  169.45   -3.07  [1]    
    21.5        21.4       2.147  168.50   -3.13  [1]    
    21.5                   2.480  172.15  -41.52  [1]    
    21.5                   0.812  180.92  -43.30  [1]    
    21.5                   1.306  196.28   43.48  [1]    
    21.5        21.6       4.223  238.99  -11.57  [1]    "21.6=lowest tip of stalactites just past pool"
    21.5        21.6       4.264  239.17  -11.62  [1]    
    21.5        21.6       4.216  239.17  -11.50  [1]    
    21.6        21.5       4.221   59.11   11.63  [1]    
    21.6        21.5       4.226   58.98   11.68  [1]    
    21.6        21.5       4.229   58.79   11.63  [1]    
    21.6                   0.454  343.00    6.41  [1]    
    21.6                   1.536  345.97  -58.67  [1]    
    21.6                   0.524  169.10   -0.53  [1]    
    21.6                   1.386   82.18   84.08  [1]    
    21.6                   1.880  355.18  -36.46  [1]    
    21.6                   2.379   15.29  -31.82  [1]    
    21.6                   2.558   41.04  -27.84  [1]    
    21.6                   2.529   59.06  -28.97  [1]    
    21.6        21.7       3.158  284.78   -4.71  [1]    
    21.6        21.7       3.167  284.97   -4.60  [1]    
    21.6        21.7       3.168  284.56   -4.80  [1]    
    21.7        21.6       3.156  104.33    4.95  [1]    
    21.7        21.6       3.155  104.09    4.89  [1]    
    21.7        21.6       3.148  103.91    4.42  [1]    
    21.7                   0.817  177.67  -13.33  [1]    
    21.7                   0.886  188.51   55.44  [1]    
    21.7                   1.437  188.14  -70.65  [1]    
    21.7        21.8       4.169  253.06  -17.56  [1]    
    21.7        21.8       4.170  252.63  -17.50  [1]    
    21.7        21.8       4.176  252.53  -17.34  [1]    
    21.8        21.7       4.171   72.13   17.99  [1]    
    21.8        21.7       4.177   72.21   18.06  [1]    
    21.8        21.7       4.177   72.30   18.03  [1]    
    21.8                   0.362  156.75   -0.60  [1]    
    21.8                   1.339  179.19  -58.34  [1]    
    21.8                   0.563  185.25   45.16  [1]    
    21.8        21.9       1.382  246.27  -18.53  [1]    
    21.8        21.9       1.381  246.84  -18.72  [1]    
    21.8        21.9       1.381  246.63  -18.45  [1]    
    21.9        21.8       1.361   65.67   19.06  [1]    
    21.9        21.8       1.357   66.52   18.87  [1]    
    21.9        21.8       1.356   66.40   18.80  [1]    
    21.9                   0.804   12.51  -63.73  [1]    
    21.9                   0.874  169.05  -52.59  [1]    
    21.9                   0.551  262.61   83.92  [1]    
    21.9        21.10      2.579  267.14    2.39  [1]    
    21.9        21.10      2.574  267.19    2.64  [1]    
    21.9        21.10      2.568  266.90    2.46  [1]    
    21.10       21.9       2.583   87.82   -3.08  [1]    
    21.10       21.9       2.587   87.88   -2.99  [1]    
    21.10       21.9       2.571   88.08   -2.91  [1]    
    21.10                  1.928   67.02   76.09  [1]    
    21.10                  1.233   29.83  -46.61  [1]    
    21.10                  0.700   31.07  -71.06  [1]    
    21.10                  1.220   28.69  -59.75  [1]    
    21.10       21.11      3.061  102.04   43.41  [1]  < 
    21.10       21.11      3.027  102.22   43.38  [1]  < 
    21.10       21.11      3.074  102.34   43.74  [1]  < 
    21.11                  0.608   84.01  -78.46  [1]  < 
    21.11                  1.375   79.55   -1.34  [1]  < 
    21.11                  3.030  117.12   69.66  [1]  < 
    21.11                  1.685  261.29   15.68  [1]  < 
    21.11                  1.099  153.47   19.00  [1]  < 
    21.10       21.12      5.085  309.97   -5.76  [1]    
    21.10       21.12      5.085  310.07   -6.12  [1]    
    21.10       21.12      5.072  310.02   -5.94  [1]    
    21.12       21.10      5.093  129.64    5.80  [1]    
    21.12       21.10      5.096  129.53    5.82  [1]    
    21.12       21.10      5.094  129.59    5.78  [1]    
    21.12                  0.272  210.60   -7.10  [1]    
    21.12                  1.683  217.72   54.97  [1]    
    21.12                  7.497  186.10   87.47  [1]    
    21.12                  0.473   25.50   -6.02  [1]    
    21.12                  0.480    7.94  -88.10  [1]    
    21.12       21.13      2.567  186.17   66.32  [1]  < "21.13=little popcorn blob on wall opposite big stalagmite boss "
    21.12       21.13      2.553  185.89   66.08  [1]  < 
    21.12       21.13      2.573  184.27   66.06  [1]  < 
    21.13       21.12      2.547    7.15  -65.75  [1]  < 
    21.13       21.12      2.554    6.71  -65.81  [1]  < 
    21.13       21.12      2.552    6.97  -65.84  [1]  < 
    21.13                  2.788   26.71  -53.38  [1]  < 
    21.13                  2.642   17.87   14.02  [1]  < 
    21.13                  1.311   14.79   12.93  [1]  < 
    21.13                  3.235  127.08    0.34  [1]  < 
    21.13                  3.793   57.70   54.60  [1]  < 
    21.13       21.14      6.635  110.95   60.93  [1]  < 
    21.14                  2.641  132.63   -0.51  [1]  < 
    21.12                  0.000    0.00    0.00  [1]  < 
    21.12       21.15      3.296  308.78    3.96  [1]    
    21.12       21.15      3.293  308.83    3.66  [1]    
    21.12       21.15      3.293  308.45    4.06  [1]    
    21.15       21.12      3.284  127.42   -2.96  [1]    
    21.15       21.12      3.284  127.41   -2.80  [1]    
    21.15       21.12      3.283  127.81   -2.83  [1]    
    21.15                  4.470  213.27   88.67  [1]    
    21.15                  0.619   35.33   -5.69  [1]    
    21.15                  0.966   45.32  -84.63  [1]    
    21.15                  1.582  205.30   25.74  [1]    
    21.15       21.16      5.011  295.02   -3.78  [1]    "21.16=tip of large block wedged across stream"
    21.15       21.16      5.011  295.10   -3.88  [1]    
    21.15       21.16      5.004  294.42   -3.94  [1]    
    21.16       21.15      4.991  113.82    4.11  [1]    
    21.16       21.15      4.984  114.19    4.08  [1]    
    21.16       21.15      4.987  113.74    3.99  [1]    
    21.16                  5.951  233.39   81.25  [1]    
    21.16                  0.647   36.29    4.74  [1]    
    21.16                  1.062  212.63   11.71  [1]    
    21.16                  1.340   90.20  -49.16  [1]    
    21.16                  7.076  150.77   65.86  [1]    
