Swil20160709_OxbowJunction   (m, 360)

[1]: 2016/07/09     0.00  "DistoX2 2609 - Thomas Starnes \rPDA - Footleg"


     1.0                   0.000    0.00    0.00         
    12.27       15.0       0.000    0.00    0.00  [1]    
    15.0                   0.335  261.56   54.63  [1]    
    15.0                   1.205  117.39  -82.25  [1]    
    15.0                   2.058  201.99  -17.17  [1]    
    15.0                   2.156  297.59  -12.56  [1]    
    15.0        15.1       2.592  244.76   11.38  [1]    
    15.0        15.1       2.589  244.63   11.27  [1]    
    15.0        15.1       2.590  244.65   11.29  [1]    
    15.1        15.0       2.599   64.89  -11.37  [1]    
    15.1        15.0       2.608   64.89  -11.44  [1]    
    15.1        15.0       2.598   64.84  -11.37  [1]    
    15.1                   0.899  342.93   21.04  [1]    
    15.1                   1.582  145.95   10.38  [1]    
    15.1                   2.209   65.81  -54.64  [1]    
    15.1                   1.808  262.99   65.80  [1]    
    15.1        15.2       1.394  354.30   81.93  [1]    
    15.1        15.2       1.386  354.18   81.98  [1]    
    15.1        15.2       1.385  354.88   81.95  [1]    
    15.2        15.1       1.392  176.19  -80.39  [1]    
    15.2        15.1       1.395  177.03  -80.28  [1]    
    15.2        15.1       1.394  176.84  -80.39  [1]    
    15.2                   1.312  244.17    9.98  [1]    
    15.2                   0.512  163.63   85.05  [1]    
    15.2                   1.258  315.59  -79.50  [1]    
    15.2        15.3       1.871  319.83   -4.69  [1]    
    15.2        15.3       1.873  319.66   -4.58  [1]    
    15.2        15.3       1.872  319.56   -4.72  [1]    
    15.3                   0.373  199.09    5.42  [1]    
    15.3                   0.744  181.83   80.72  [1]    
    15.3                   0.299  281.78  -89.85  [1]    
    15.3                   0.344   29.60   -2.18  [1]    
    15.3        15.4       1.152  295.57   35.34  [1]    
    15.3        15.4       1.150  295.58   35.54  [1]    
    15.3        15.4       1.152  295.64   35.59  [1]    
    15.4                   0.433   80.84   72.31  [1]    
    15.4                   0.260   72.44   -2.40  [1]    
    15.4                   0.211  350.96  -83.97  [1]    
    15.4        15.5       0.590   28.52   -4.77  [1]    
    15.4        15.5       0.589   28.10   -4.81  [1]    
    15.4        15.5       0.590   28.08   -4.80  [1]    
    15.5                   0.325  258.61   -3.82  [1]    
    15.5                   0.235  247.85   64.56  [1]    
    15.5                   0.213  271.52  -63.31  [1]    
    15.5        15.6       1.165  319.50   -0.44  [1]    
    15.5        15.6       1.152  319.49   -0.16  [1]    
    15.5        15.6       1.154  318.74   -0.40  [1]    
    15.2                   0.000    0.00    0.00  [1]    
    15.2        15.7       1.756  169.12  -40.12  [1]  < "15.7=small stumpy stalagmite on slope. "
    15.2        15.7       1.751  169.02  -40.05  [1]  < 
    15.2        15.7       1.754  169.22  -40.08  [1]  < 
    15.7        15.2       1.743  349.19   40.23  [1]  < 
    15.7        15.2       1.744  349.27   40.29  [1]  < 
    15.7        15.2       1.743  348.94   40.48  [1]  < 
    15.7                   0.953  114.53  -12.21  [1]  < 
    15.7                   3.359  225.79   51.86  [1]  < 
    15.7                   1.293  117.27  -56.01  [1]  < 
    15.7        15.8       2.591  192.48   34.63  [1]  < 
    15.7        15.8       2.595  192.66   34.45  [1]  < 
    15.7        15.8       2.589  192.50   34.68  [1]  < 
    15.8        15.7       2.580   12.18  -34.93  [1]  < 
    15.8        15.7       2.582   12.18  -34.89  [1]  < 
    15.8        15.7       2.581   12.17  -34.89  [1]  < 
    15.8                   2.254  240.33   65.53  [1]  < 
    15.8                   1.188   22.40   82.33  [1]  < 
    15.8                   0.507   75.23   10.91  [1]  < 
    15.8                   1.128   50.56  -75.98  [1]  < 
    15.8        15.9       3.649  183.46   49.38  [1]  < 
    15.8        15.9       3.649  183.46   49.42  [1]  < 
    15.8        15.9       3.653  183.49   49.44  [1]  < 
    15.9        15.8       3.650    3.47  -50.00  [1]  < 
    15.9        15.8       3.648    3.20  -50.06  [1]  < 
    15.9        15.8       3.648    3.33  -50.12  [1]  < 
    15.9                   0.169   65.53    4.14  [1]  < 
    15.9                   2.838  241.08   74.14  [1]  < 
    15.9                   0.368  261.32    2.27  [1]  < 
    15.9                   0.992  118.56  -76.83  [1]  < 
    15.9        15.10      7.195  191.87   52.19  [1]  < 
    15.9        15.10      7.201  191.79   52.16  [1]  < 
    15.9        15.10      7.210  191.71   52.17  [1]  < 
    15.10       15.9       7.211   10.94  -51.92  [1]  < 
    15.10       15.9       7.212   11.08  -51.88  [1]  < 
    15.10       15.9       7.210   10.94  -51.95  [1]  < 
    15.10                  0.481   85.01  -20.15  [1]  < 
    15.10                  1.906  325.70   76.42  [1]  < 
    15.10                  0.493  266.13  -10.65  [1]  < 
    15.10                  0.818  139.04  -73.31  [1]  < 
    15.10       15.11      1.519  332.69   64.47  [1]  < 
    15.10       15.11      1.531  333.47   64.65  [1]  < 
    15.10       15.11      1.528  333.54   64.53  [1]  < 
    15.11       15.10      1.514  156.62  -64.96  [1]  < 
    15.11       15.10      1.515  156.08  -64.98  [1]  < 
    15.11       15.10      1.514  156.06  -64.84  [1]  < 
    15.11                  1.188   89.52   10.27  [1]  < 
    15.11                  1.917  123.15   17.50  [1]  < 
    15.11                  0.795  179.14   50.92  [1]  < 
    15.11                  0.965  205.99  -80.93  [1]  < 
    15.11                  1.391  255.45    4.03  [1]  < 
    15.11                  1.717  233.33    1.79  [1]  < 
    15.11                  2.789  248.43   -6.75  [1]  < 
    15.11                  0.904  303.20  -44.64  [1]  < 
    15.11                  1.035    0.90  -37.62  [1]  < 
    15.11       15.12      1.071  335.59  -43.89  [1]    
    15.11       15.12      1.069  335.58  -43.91  [1]    
    15.11       15.12      1.070  335.56  -43.82  [1]    
    15.12                  0.346  228.47   14.77  [1]    
    15.12                  0.263   41.90   19.47  [1]    
    15.12                  0.835  142.49   65.80  [1]    
    15.12       15.13      1.722  317.66   45.29  [1]    
    15.12       15.13      1.723  317.59   45.30  [1]    
    15.12       15.13      1.725  317.53   45.25  [1]    
    15.13                  0.254   62.18    7.74  [1]    
    15.13                  1.049   54.79   82.66  [1]    
    15.13                  0.278  221.42    4.23  [1]    
    15.13                  0.903  156.19  -68.94  [1]    
    15.13       15.14      1.306  359.47   54.03  [1]    
    15.13       15.14      1.308  359.45   54.06  [1]    
    15.13       15.14      1.307  359.47   54.02  [1]    
    15.14                  0.359  230.15    7.99  [1]    
    15.14                  0.273  206.36   68.89  [1]    
    15.14                  0.162  282.29  -63.17  [1]    
    15.14       15.15      0.943  291.32   36.20  [1]    
    15.14       15.15      0.948  291.56   36.06  [1]    
    15.14       15.15      0.944  291.60   35.96  [1]    
    15.15                  1.103  133.51   77.48  [1]    
    15.15                  0.548  145.13   17.57  [1]    
    15.15                  0.383    6.71   12.96  [1]    
    15.15                  0.374  261.68  -72.89  [1]    
    15.15       15.16      0.429   37.90    4.09  [1]    
    15.15       15.16      0.429   38.02    4.27  [1]    
    15.15       15.16      0.428   38.05    3.98  [1]    
    15.16                  0.229  156.40    1.64  [1]    
    15.16                  0.586  252.72   79.60  [1]    
    15.16                  0.158  124.73  -70.90  [1]    
    15.16       15.17      2.248   76.90   52.04  [1]    
    15.16       15.17      2.238   76.88   51.95  [1]    
    15.16       15.17      2.231   76.77   52.03  [1]    
    15.10                  0.000    0.00    0.00  [1]    
    15.10       15.18      1.020    7.87  -36.90  [1]  < 
    15.10       15.18      1.021    7.73  -36.79  [1]  < 
    15.10       15.18      1.020    7.94  -36.71  [1]  < 
    15.18       15.10      1.020  189.63   37.35  [1]  < 
    15.18       15.10      1.021  189.50   37.34  [1]  < 
    15.18       15.10      1.021  189.57   37.49  [1]  < 
    15.18                  1.201   18.88  -31.74  [1]  < 
    15.18                  0.395  147.80    0.49  [1]  < 
    15.18                  1.011  116.07  -86.60  [1]  < 
    15.18                  0.450  217.56   76.89  [1]  < 
    15.18       15.19      1.799   96.58    9.35  [1]  < 
    15.18       15.19      1.801   96.52    9.34  [1]  < 
    15.18       15.19      1.802   96.44    9.40  [1]  < 
    15.19       15.18      1.814  276.10   -8.85  [1]  < 
    15.19       15.18      1.816  276.06   -8.93  [1]  < 
    15.19       15.18      1.814  276.14   -8.87  [1]  < 
    15.19                  0.353   62.67  -82.62  [1]  < 
    15.19                  0.377  215.23   23.69  [1]  < 
    15.19                  0.334  266.59   59.77  [1]  < 
    15.19                  0.420    4.95  -20.94  [1]  < 
    15.19       15.20      1.653   66.92   -0.93  [1]  < 
    15.19       15.20      1.651   66.84   -0.88  [1]  < 
    15.19       15.20      1.653   66.82   -0.92  [1]  < 
    15.20       15.19      1.667  245.91    1.27  [1]  < 
    15.20       15.19      1.667  245.58    1.52  [1]  < 
    15.20       15.19      1.666  246.01    1.14  [1]  < 
    15.20                  0.943  198.59    8.25  [1]  < 
    15.20                  0.340  213.80   34.76  [1]  < 
    15.20                  0.437  149.44  -82.28  [1]  < 
    15.20       15.21      2.020  121.86  -28.87  [1]  < 
    15.20       15.21      2.023  121.84  -28.84  [1]  < 
    15.20       15.21      2.034  121.92  -28.88  [1]  < 
    15.21       15.20      2.031  302.54   28.13  [1]  < 
    15.21       15.20      2.032  302.51   28.20  [1]  < 
    15.21       15.20      2.032  302.54   28.32  [1]  < 
    15.21                  0.558  347.32   -3.39  [1]  < 
    15.21                  0.341   47.13   71.41  [1]  < 
    15.21                  0.326  166.55   27.01  [1]  < 
    15.21                  0.636  305.81  -55.98  [1]  < 
    15.21       15.22      0.948   25.76  -40.17  [1]  < 
    15.21       15.22      0.949   26.21  -40.44  [1]  < 
    15.21       15.22      0.948   26.15  -40.41  [1]  < 
    15.22       15.21      0.908  204.87   40.64  [1]  < 
    15.22       15.21      0.909  204.74   40.60  [1]  < 
    15.22       15.21      0.908  204.79   40.64  [1]  < 
    15.22                  0.355  181.08    5.66  [1]  < 
    15.22                  0.501  151.46   70.80  [1]  < 
    15.22                  0.519  261.38  -79.68  [1]  < 
    15.22       15.23      1.212  126.39  -22.91  [1]  < 
    15.22       15.23      1.214  126.24  -22.98  [1]  < 
    15.22       15.23      1.214  126.35  -22.95  [1]  < 
    15.23       15.22      1.219  305.29   23.02  [1]  < 
    15.23       15.22      1.220  305.23   23.12  [1]  < 
    15.23       15.22      1.219  305.29   23.12  [1]  < 
    15.23                  1.321   34.58   28.22  [1]  < 
    15.23                  1.229   62.39   38.96  [1]  < 
    15.23                  0.584  335.51   -0.49  [1]  < 
    15.23                  1.087   94.17   43.29  [1]  < 
    15.23                  0.919  152.24   44.96  [1]  < 
    15.23                  0.917  241.30    8.20  [1]  < 
    15.23                  1.201  278.93    1.52  [1]  < 
    15.23                  1.131  268.31  -39.50  [1]  < 
    15.23                  1.259  290.25  -28.36  [1]  < 
    15.7                   0.000    0.00    0.00  [1]    
    15.7        15.24      3.409  257.55   67.22  [1]    
    15.7        15.24      3.403  257.59   67.23  [1]    
    15.7        15.24      3.405  257.65   67.22  [1]    
    15.24       15.7       3.419   77.25  -67.42  [1]    
    15.24       15.7       3.390   77.30  -67.41  [1]    
    15.24       15.7       3.390   77.08  -67.26  [1]    
    15.24                  0.539    2.97  -11.90  [1]    
    15.24                  0.470   13.88   50.59  [1]    
    15.24                  0.907  250.24  -71.52  [1]    
    15.24                  0.288  199.30  -51.94  [1]    
    15.24       15.25      2.122  287.98   37.58  [1]    
    15.24       15.25      2.118  288.29   37.56  [1]    
    15.24       15.25      2.124  288.05   37.57  [1]    
    15.25       15.24      2.126  107.97  -37.69  [1]    
    15.25       15.24      2.125  108.00  -37.66  [1]    
    15.25       15.24      2.125  108.12  -37.75  [1]    
    15.25                  0.282  142.48   50.13  [1]    
    15.25                  1.704  169.03   27.46  [1]    
    15.25                  0.387  347.96  -85.36  [1]    
    15.25                  0.628  126.51   15.52  [1]    
    15.25                  1.301  140.19  -18.48  [1]    
    15.25       15.26      2.460  188.16   47.11  [1]    
    15.25       15.26      2.465  188.11   47.09  [1]    
    15.25       15.26      2.461  188.19   47.13  [1]    
    15.26       15.25      2.464    7.45  -47.08  [1]    
    15.26       15.25      2.450    7.66  -46.97  [1]    
    15.26       15.25      2.451    7.63  -47.14  [1]    
    15.26                  0.471   85.25  -39.51  [1]    
    15.26                  0.629  292.76  -41.52  [1]    
    15.26                  0.277  169.60  -56.63  [1]    
    15.26       15.27      2.254  150.25   12.79  [1]    
    15.26       15.27      2.253  150.34   12.80  [1]    
    15.26       15.27      2.253  150.30   12.79  [1]    
    15.27                  0.343   37.70  -23.27  [1]    
    15.27                  0.155   16.86   40.68  [1]    
    15.27                  0.401  242.18    9.87  [1]    
    15.27                  0.350  253.86  -75.66  [1]    
