Swil20160117_ButcombeOxbows   (m, 360)

[1]: 2016/01/17     0.00  "DistoX2 2609 - Paul Dold, Alistair Smith \rPDA - Footleg"


    11.24       12.0       0.000    0.00    0.00  [1]    
    12.0        12.1       3.281  237.52  -18.50  [1]    
    12.0        12.1       3.291  237.62  -18.43  [1]    
    12.0        12.1       3.289  237.67  -18.42  [1]    
    12.1        12.0       3.264   57.81   17.74  [1]    
    12.1        12.0       3.246   57.44   17.83  [1]    
    12.1        12.0       3.245   57.32   17.89  [1]    
    12.1                   0.608  111.79    9.34  [1]    
    12.1                   0.364  305.02    6.30  [1]    
    12.1                   0.216  111.49   85.31  [1]    
    12.1        12.2       1.110  217.00   14.96  [1]    
    12.1        12.2       1.099  217.01   14.89  [1]    
    12.1        12.2       1.102  217.08   14.93  [1]    
    12.2        12.1       1.105   38.61  -17.02  [1]    
    12.2        12.1       1.107   38.65  -17.07  [1]    
    12.2        12.1       1.106   38.66  -17.07  [1]    
    12.2                   0.370  310.39   14.95  [1]    
    12.2                   0.957  223.03   79.83  [1]    
    12.2                   1.121  103.59   21.68  [1]    
    12.2        12.3       3.678  194.09   58.52  [1]    
    12.2        12.3       3.680  194.23   58.58  [1]    
    12.2        12.3       3.693  194.08   58.62  [1]    
    12.3        12.2       3.703   12.86  -59.02  [1]    
    12.3        12.2       3.700   12.88  -59.04  [1]    
    12.3        12.2       3.700   12.87  -58.99  [1]    
    12.3                   0.523  320.78   -8.99  [1]    
    12.3                   0.438  180.58    7.60  [1]    
    12.3                   0.788  331.81   83.08  [1]    
    12.3                   1.491  218.92  -85.96  [1]    
    12.3                   0.953   10.81  -40.04  [1]    
    12.3                   8.745  192.43   59.95  [1]    
    12.3        12.4       4.279  221.26   54.14  [1]    
    12.3        12.4       4.278  221.04   54.15  [1]    
    12.3        12.4       4.279  221.26   54.19  [1]    
    12.4        12.3       4.278   41.93  -53.79  [1]    
    12.4        12.3       4.270   41.97  -53.83  [1]    
    12.4        12.3       4.277   42.17  -53.78  [1]    
    12.4                   0.358  359.60    1.86  [1]    
    12.4                   2.810  185.70   79.30  [1]    
    12.4                   0.670  179.15    4.52  [1]    
    12.4                   5.288    8.79  -67.25  [1]    
    12.4                   5.415  138.59   66.13  [1]    
    12.4                   4.104  278.60  -17.14  [1]    
    12.4                   5.361  276.50  -12.06  [1]    
    12.4        12.5       5.158   84.30   16.19  [1]  < 
    12.4        12.5       5.159   84.23   16.17  [1]  < 
    12.4        12.5       5.158   84.22   16.13  [1]  < 
    12.5        12.4       5.176  264.14  -15.84  [1]  < 
    12.5        12.4       5.176  264.07  -15.86  [1]  < 
    12.5        12.4       5.176  264.06  -15.89  [1]  < 
    12.5                   1.458  184.07    5.05  [1]  < 
    12.5                   0.421  356.23   -1.00  [1]  < 
    12.5                   2.972  180.36   54.78  [1]  < 
    12.5                   0.802   57.46  -85.91  [1]  < 
    12.5        12.6       3.626  126.29   37.38  [1]  < "12.6=pinch on small hour-glass stal column"
    12.5        12.6       3.640  126.04   37.34  [1]  < 
    12.5        12.6       3.645  126.30   37.47  [1]  < 
    12.6        12.5       3.635  307.45  -37.29  [1]  < 
    12.6        12.5       3.633  307.57  -37.27  [1]  < 
    12.6        12.5       3.638  307.58  -37.29  [1]  < 
    12.6                   0.299  187.66    1.51  [1]  < 
    12.6                   0.590  357.53   -0.83  [1]  < 
    12.6                   1.059  306.48   87.28  [1]  < 
    12.6                   0.448   39.87  -82.88  [1]  < 
    12.6        12.7       0.794    1.42  -24.06  [1]  < 
    12.6        12.7       0.796    1.66  -24.42  [1]  < 
    12.6        12.7       0.798    1.97  -24.57  [1]  < 
    12.7                   0.184  345.84    2.40  [1]  < 
    12.7                   0.878  150.97   16.66  [1]  < 
    12.7                   1.457  161.64   66.29  [1]  < 
    12.7                   0.388  139.44  -42.96  [1]  < 
    12.7        12.8       2.937   62.89  -19.68  [1]  < 
    12.7        12.8       2.936   62.89  -19.67  [1]  < 
    12.7        12.8       2.939   62.93  -19.62  [1]  < 
    12.8                   0.173  338.29    2.16  [1]  < 
    12.8                   0.466  149.56   -0.44  [1]  < 
    12.8                   0.180   96.28  -85.89  [1]  < 
    12.8                   0.478  245.39   84.08  [1]  < 
    12.8                   1.129  126.34   28.82  [1]  < 
    12.8                   0.517   23.55   32.14  [1]  < 
    12.4        12.9       3.067  137.13   51.87  [1]  < 
    12.4        12.9       3.064  136.92   51.97  [1]  < 
    12.4        12.9       3.062  137.01   51.90  [1]  < 
    12.9        12.4       3.052  315.96  -52.43  [1]  < 
    12.9        12.4       3.059  316.07  -52.60  [1]  < 
    12.9        12.4       3.046  315.99  -52.32  [1]  < 
    12.9                   0.920  354.96    6.73  [1]  < 
    12.9                   1.375  257.99    9.88  [1]  < 
    12.9                   0.987   64.34   17.55  [1]  < 
    12.9                   2.918  267.40   86.72  [1]  < 
    12.9                   0.679    3.09  -88.28  [1]  < 
    12.9        12.10      1.462  198.03    2.10  [1]  < 
    12.9        12.10      1.462  198.03    2.10  [1]  < 
    12.9        12.10      1.461  198.05    2.09  [1]  < 
    12.10       12.9       1.441   17.37   -3.07  [1]  < 
    12.10       12.9       1.441   17.53   -3.28  [1]  < 
    12.10       12.9       1.444   17.47   -3.09  [1]  < 
    12.10                  0.282   84.22   -1.44  [1]  < 
    12.10                  0.267  186.12   86.07  [1]  < 
    12.10                  0.316  272.02    1.32  [1]  < 
    12.10                  0.562   45.96  -78.77  [1]  < 
    12.10       12.11      2.625  173.70   -0.30  [1]  < 
    12.10       12.11      2.625  173.71   -0.30  [1]  < 
    12.10       12.11      2.626  173.67   -0.29  [1]  < 
    12.11       12.10      2.601  353.87    0.14  [1]  < 
    12.11       12.10      2.602  353.80   -0.02  [1]  < 
    12.11       12.10      2.610  353.61    0.01  [1]  < 
    12.11                  1.001  330.70   83.96  [1]  < 
    12.11                  1.673  138.64  -83.77  [1]  < 
    12.11                  0.938  292.53  -15.36  [1]  < 
    12.11                  2.346   85.25   10.54  [1]  < 
    12.11                  0.845  343.06  -13.38  [1]  < 
    12.11                  0.857   19.39  -12.81  [1]  < 
    12.11       12.12      2.854   90.25   17.24  [1]  < 
    12.11       12.12      2.850   90.20   17.20  [1]  < 
    12.11       12.12      2.850   90.16   17.23  [1]  < 
    12.12       12.11      2.840  270.27  -17.16  [1]  < 
    12.12       12.11      2.840  270.15  -17.16  [1]  < 
    12.12       12.11      2.839  270.23  -17.13  [1]  < 
    12.12                  0.525  353.33   -0.14  [1]  < 
    12.12                  0.383  177.00  -36.01  [1]  < 
    12.12                  0.543  315.66   45.58  [1]  < 
    12.12                  0.366    6.79  -80.78  [1]  < 
    12.12       12.13      2.085   76.03   46.59  [1]  < 
    12.12       12.13      2.082   76.02   46.59  [1]  < 
    12.12       12.13      2.086   75.85   46.56  [1]  < 
    12.13       12.12      2.080  254.59  -46.52  [1]  < 
    12.13       12.12      2.086  254.89  -46.58  [1]  < 
    12.13       12.12      2.084  254.94  -46.57  [1]  < 
    12.13                  0.361  108.29  -81.39  [1]  < 
    12.13                  0.622  351.92   13.11  [1]  < 
    12.13                  0.762   68.60   86.32  [1]  < 
    12.13                  0.155  247.63   67.49  [1]  < 
    12.13       12.14      0.831   80.28   19.54  [1]  < 
    12.13       12.14      0.830   80.45   19.61  [1]  < 
    12.13       12.14      0.831   80.67   19.56  [1]  < 
    12.14       12.13      0.832  280.60  -18.40  [1]  < 
    12.14       12.13      0.832  280.70  -18.50  [1]  < 
    12.14       12.13      0.833  280.60  -18.50  [1]  < 
    12.14                  0.515  214.33    6.41  [1]  < 
    12.14                  0.826  279.38   82.62  [1]  < 
    12.14                  2.287   83.32   67.29  [1]  < 
    12.14                  0.255  171.63  -77.60  [1]  < 
    12.14                  1.896  132.54    1.52  [1]  < 
    12.14                  0.717  141.19    3.43  [1]  < 
    12.14                  0.648  127.77   15.81  [1]  < 
    12.11       12.15      2.305  242.28  -62.54  [1]    
    12.11       12.15      2.306  242.28  -62.49  [1]    
    12.11       12.15      2.306  242.33  -62.50  [1]    
    12.15       12.11      2.280   61.73   61.98  [1]  < 
    12.15       12.11      2.296   61.65   62.19  [1]  < 
    12.15       12.11      2.295   61.68   62.16  [1]  < 
    12.15                  0.229  175.68    6.23  [1]  < 
    12.15                  1.290  346.16   13.23  [1]  < 
    12.15                  0.437  320.43   32.15  [1]  < 
    12.15                  0.491  249.30   69.60  [1]  < 
    12.15                  0.253  206.53  -87.51  [1]  < 
    12.15       12.16      3.217  276.65  -22.55  [1]    
    12.15       12.16      3.216  276.69  -22.64  [1]    
    12.15       12.16      3.214  276.54  -22.75  [1]    
    12.16       12.15      3.216   96.81   21.88  [1]  < 
    12.16       12.15      3.208   96.73   22.01  [1]  < 
    12.16       12.15      3.222   96.77   22.02  [1]  < 
    12.16                  0.301  202.09   10.24  [1]  < 
    12.16                  0.234  359.33   -0.19  [1]  < 
    12.16                  0.392  277.17   77.10  [1]  < 
    12.16                  1.070   95.78  -89.36  [1]  < 
    12.16       12.17      2.485  246.10  -33.35  [1]    
    12.16       12.17      2.506  245.78  -33.24  [1]    
    12.16       12.17      2.512  246.19  -33.20  [1]    
    12.17       12.16      2.533   66.14   33.03  [1]    
    12.17       12.16      2.534   66.25   33.23  [1]    
    12.17       12.16      2.534   66.28   33.36  [1]    
    12.17                  0.517    1.34   -3.64  [1]    
    12.17                  0.297  359.75   82.65  [1]    
    12.17                  0.437   39.49  -84.84  [1]    
    12.17                  3.957  153.58   56.24  [1]    
    12.17       12.18      1.717  287.71   -8.48  [1]    
    12.17       12.18      1.715  287.62   -8.51  [1]    
    12.17       12.18      1.715  287.62   -8.54  [1]    
    12.18       12.17      1.666  105.79    7.38  [1]    
    12.18       12.17      1.669  105.80    7.59  [1]    
    12.18       12.17      1.665  105.64    7.25  [1]    
    12.18                  0.421  223.03    7.35  [1]    
    12.18                  0.678  150.05    0.50  [1]    
    12.18                  0.248  153.63   79.50  [1]    
    12.18                  0.524   58.21  -79.63  [1]    
    12.18       12.19      0.801  183.26    5.66  [1]    
    12.18       12.19      0.799  183.36    5.73  [1]    
    12.18       12.19      0.800  183.50    5.77  [1]    
    12.19       12.18      0.794    3.64   -5.77  [1]    
    12.19       12.18      0.795    3.81   -5.80  [1]    
    12.19       12.18      0.795    3.76   -5.71  [1]    
    12.19                  0.662  284.51  -10.37  [1]    
    12.19                  0.858  131.32   38.76  [1]    
    12.19                  0.369  353.95   68.36  [1]    
    12.19       12.20      2.931  210.98   39.51  [1]    
    12.19       12.20      2.894  210.95   39.34  [1]    
    12.19       12.20      2.891  211.01   39.35  [1]    
    12.20                  3.220   30.03  -38.10  [1]    
    12.20                  0.920   32.80  -33.88  [1]    
    12.20                  1.052  103.67   16.08  [1]    
    12.20                  0.631  311.84    0.60  [1]    
    12.20                  1.050  133.03   82.51  [1]    
    12.20                  0.166  121.19  -80.12  [1]    
    12.20                  0.446   18.59  -10.22  [1]    
    12.3        12.21      7.395  281.63  -32.81  [1]    "12.21=tip of rock point on left of hole down into passage "
    12.3        12.21      7.403  281.73  -32.90  [1]    
    12.3        12.21      7.394  281.83  -32.59  [1]    
    12.21       12.3       7.422  103.18   32.73  [1]    
    12.21       12.3       7.383  103.11   32.75  [1]    
    12.21       12.3       7.410  103.17   32.68  [1]    
    12.21                  0.320   10.43   10.30  [1]    
    12.21                  2.442  249.02   -6.98  [1]    
    12.21                  1.802  183.50   15.74  [1]    
    12.21                  8.931  207.49   59.51  [1]    
    12.21                  0.899   59.58   -9.29  [1]    
    12.21       12.22      1.916   47.00  -41.47  [1]    
    12.21       12.22      1.915   47.02  -41.46  [1]    
    12.21       12.22      1.917   47.00  -41.46  [1]    
    12.22       12.21      1.937  226.05   41.24  [1]    
    12.22       12.21      1.928  226.25   41.35  [1]    
    12.22       12.21      1.928  226.07   41.04  [1]    
    12.22                  0.790  259.18   15.12  [1]    
    12.22                  0.730   36.60    3.40  [1]    
    12.22                  0.546  318.97   74.70  [1]    
    12.22                  0.332  296.01  -83.98  [1]    
    12.22       12.23      2.898  315.41  -22.25  [1]    
    12.22       12.23      2.888  315.41  -22.18  [1]    
    12.22       12.23      2.893  315.42  -22.27  [1]    
    12.23       12.22      2.882  134.47   22.68  [1]    
    12.23       12.22      2.882  134.34   22.71  [1]    
    12.23       12.22      2.883  134.20   22.63  [1]    
    12.23                  0.670   28.45    7.28  [1]    
    12.23                  0.871  194.18   -0.30  [1]    
    12.23                  0.674  194.79   84.55  [1]    
    12.23                  0.371    2.08  -80.94  [1]    
    12.23       12.24      3.578  277.33  -17.18  [1]    
    12.23       12.24      3.578  277.50  -17.07  [1]    
    12.23       12.24      3.579  277.39  -17.16  [1]    
    12.24       12.23      3.565   97.55   16.85  [1]    
    12.24       12.23      3.561   97.49   16.74  [1]    
    12.24       12.23      3.564   97.43   16.80  [1]    
    12.24                  0.275  197.03   14.60  [1]    
    12.24                  0.389   24.79    3.99  [1]    
    12.24                  0.882  331.85   84.61  [1]    
    12.24                  0.267  322.42  -87.56  [1]    
    12.24       12.25      3.532  303.98   -4.03  [1]    
    12.24       12.25      3.533  303.89   -3.94  [1]    
    12.24       12.25      3.541  303.87   -3.97  [1]    
    12.25       12.24      3.553  124.06    4.65  [1]    
    12.25       12.24      3.549  123.93    4.50  [1]    
    12.25       12.24      3.544  123.91    4.48  [1]    
    12.25                  0.395  211.35   -3.79  [1]    
    12.25                  0.879  204.06    1.45  [1]    
    12.25                  0.753   20.67    3.28  [1]    
    12.25                  0.164  250.07   79.96  [1]    
    12.25                  0.183  270.20   80.38  [1]    
    12.25                  0.797   88.94  -84.78  [1]    
    12.25       12.26      3.697  280.70  -12.98  [1]    
    12.25       12.26      3.695  280.84  -12.90  [1]    
    12.25       12.26      3.692  280.76  -12.91  [1]    
    12.26       12.25      3.679   99.95   13.24  [1]    
    12.26       12.25      3.682  100.05   13.05  [1]    
    12.26       12.25      3.679  100.07   13.01  [1]    
    12.26                  1.009  189.90   16.08  [1]    
    12.26                  1.292  256.39    5.28  [1]    
    12.26                  1.012   16.42   12.34  [1]    
    12.26                  1.619  335.74    5.77  [1]    
    12.26                  0.952  240.63   83.13  [1]    
    12.26                  0.211    8.70  -84.03  [1]    
    12.26       12.27      1.353   18.50   49.35  [1]    "12.27=carbide soot spot on wall next to top of calcite rib"
    12.26       12.27      1.354   18.67   49.25  [1]    
    12.26       12.27      1.355   18.36   49.24  [1]    
    12.27       12.26      1.366  197.01  -49.89  [1]    
    12.27       12.26      1.360  196.83  -49.87  [1]    
    12.27       12.26      1.360  197.07  -49.93  [1]    
    12.27                  2.795  210.01  -24.36  [1]    
    12.27                  2.495  245.22  -36.04  [1]    
    12.27       12.28      1.788  296.11  -35.48  [1]    
    12.27       12.28      1.786  296.33  -35.41  [1]    
    12.27       12.28      1.786  296.25  -35.51  [1]    
    12.28       12.27      1.797  116.15   36.32  [1]    
    12.28       12.27      1.797  116.15   36.32  [1]    
    12.28       12.27      1.798  116.09   36.34  [1]    
    12.28                  0.339   75.33   20.37  [1]    
    12.28                  0.952   78.25   -3.71  [1]    
    12.28                  0.596  266.83   10.06  [1]    
    12.28                  0.992  219.20   86.06  [1]    
    12.28                  0.346  218.23  -83.75  [1]    
    12.28       12.29      5.953  348.26   -6.50  [1]    
    12.28       12.29      5.953  348.39   -6.48  [1]    
    12.28       12.29      5.949  348.39   -6.49  [1]    
    12.29       12.28      5.969  168.80    6.41  [1]    
    12.29       12.28      5.969  168.79    6.44  [1]    
    12.29       12.28      5.969  168.80    6.39  [1]    
    12.29                  0.689   96.00   -0.81  [1]    
    12.29                  0.946  267.20    5.82  [1]    
    12.29                  0.696   88.85   87.79  [1]    
    12.29                  1.479  252.63  -85.49  [1]    
    12.29       12.30      0.908  138.51    7.92  [1]    
    12.29       12.30      0.906  138.37    7.90  [1]    
    12.29       12.30      0.904  138.46    7.77  [1]    
    12.30       12.29      0.908  317.33   -7.96  [1]    
    12.30       12.29      0.908  317.27   -8.15  [1]    
    12.30       12.29      0.907  317.22   -7.94  [1]    
    12.30       11.18      0.000    0.00    0.00  [1]    
